1	12	1	21
2	11	1	21
3	10	1	21
4	9	1	21
5	10	2	22
6	9	1	21
7	8	1	21
8	7	1	21
9	6	1	21
10	5	1	21
11	4	1	21
12	5	2	22
13	4	1	21
14	3	1	21
15	2	1	21
16	1	1	21
17	12	1	21
18	1	2	22
19	12	1	21
20	11	1	21
21	10	1	21
22	9	1	21
23	8	1	21
24	7	1	21
25	6	1	21
26	5	1	21
27	4	1	21
28	3	1	21
29	2	1	21
30	1	1	21
31	12	1	21
32	11	1	21
33	10	1	21
34	9	1	21
35	8	1	21
36	7	1	21
37	6	1	21
38	7	2	22
39	6	1	21
40	5	1	21
41	4	1	21
42	3	1	21
43	2	1	21
44	1	1	21
45	12	1	21
46	1	2	22
47	12	1	21
48	11	1	21
49	10	1	21
50	9	1	21
51	10	2	22
52	9	1	21
53	8	1	21
54	7	1	21
55	6	1	21
56	5	1	21
57	4	1	21
58	5	2	22
59	4	1	21
60	3	1	21
61	2	1	21
62	1	1	21
63	12	1	21
64	11	1	21
65	10	1	21
66	9	1	21
67	8	1	21
68	7	1	21
69	6	1	21
70	5	1	21
71	4	1	21
72	5	2	22
73	4	1	21
74	3	1	21
75	2	1	21
76	1	1	21
77	12	1	21
78	11	1	21
79	10	1	21
80	9	1	21
81	8	1	21
82	7	1	21
83	6	1	21
84	5	1	21
85	4	1	21
86	3	1	21
87	2	1	21
88	1	1	21
89	2	2	22
90	1	1	21
91	12	1	21
92	11	1	21
93	10	1	21
94	9	1	21
95	8	1	21
96	7	1	21
97	8	2	22
98	7	1	21
99	6	1	21
100	5	1	21
101	4	1	21
102	3	1	21
103	2	1	21
104	3	2	22
105	2	1	21
106	1	1	21
107	12	1	21
108	11	1	21
109	10	1	21
110	9	1	21
111	8	1	21
112	7	1	21
113	6	1	21
114	5	1	21
115	4	1	21
116	3	1	21
117	2	1	21
118	1	1	21
119	12	1	21
120	11	1	21
121	10	1	21
122	9	1	21
123	8	1	21
124	7	1	21
125	6	1	21
126	5	1	21
127	4	1	21
128	3	1	21
129	4	2	22
130	3	1	21
131	2	1	21
132	1	1	21
133	12	1	21
134	11	1	21
135	10	1	21
136	9	1	21
137	8	1	21
138	7	1	21
139	6	1	21
140	5	1	21
141	6	2	22
142	5	1	21
143	4	1	21
144	3	1	21
145	2	1	21
146	1	1	21
147	12	1	21
148	11	1	21
149	12	2	22
150	11	1	21
151	10	1	21
152	9	1	21
153	8	1	21
154	9	2	22
155	8	1	21
156	7	1	21
157	6	1	21
158	5	1	21
159	4	1	21
160	3	1	21
161	2	1	21
162	1	1	21
163	12	1	21
164	11	1	21
165	10	1	21
166	9	1	21
167	8	1	21
168	7	1	21
169	6	1	21
170	5	1	21
171	4	1	21
172	3	1	21
173	2	1	21
174	1	1	21
175	12	1	21
176	11	1	21
177	10	1	21
178	9	1	21
179	8	1	21
180	7	1	21
181	6	1	21
182	7	2	22
183	6	1	21
184	5	1	21
185	4	1	21
186	3	1	21
187	2	1	21
188	1	1	21
189	12	1	21
190	11	1	21
191	10	1	21
192	9	1	21
193	8	1	21
194	7	1	21
195	6	1	21
196	5	1	21
197	4	1	21
198	3	1	21
199	2	1	21
200	1	1	21
201	12	1	21
202	1	2	22
203	12	1	21
204	11	1	21
205	10	1	21
206	9	1	21
207	8	1	21
208	7	1	21
209	8	2	22
210	7	1	21
211	6	1	21
212	5	1	21
213	4	1	21
214	3	1	21
215	2	1	21
216	1	1	21
217	12	1	21
218	11	1	21
219	10	1	21
220	9	1	21
221	8	1	21
222	7	1	21
223	6	1	21
224	5	1	21
225	4	1	21
226	3	1	21
227	2	1	21
228	1	1	21
229	12	1	21
230	11	1	21
231	10	1	21
232	9	1	21
233	8	1	21
234	7	1	21
235	6	1	21
236	5	1	21
237	4	1	21
238	3	1	21
239	2	1	21
240	3	2	22
241	2	1	21
242	1	1	21
243	12	1	21
244	11	1	21
245	10	1	21
246	9	1	21
247	8	1	21
248	7	1	21
249	8	2	22
250	7	1	21
251	6	1	21
252	5	1	21
253	4	1	21
254	3	1	21
255	2	1	21
256	1	1	21
257	12	1	21
258	11	1	21
259	10	1	21
260	9	1	21
261	8	1	21
262	7	1	21
263	6	1	21
264	5	1	21
265	4	1	21
266	3	1	21
267	4	2	22
268	3	1	21
269	2	1	21
270	1	1	21
271	12	1	21
272	11	1	21
273	10	1	21
274	11	2	22
275	10	1	21
276	9	1	21
277	8	1	21
278	9	2	22
279	8	1	21
280	7	1	21
281	6	1	21
282	5	1	21
283	6	2	22
284	5	1	21
285	4	1	21
286	3	1	21
287	2	1	21
288	1	1	21
289	2	2	22
290	1	1	21
291	12	1	21
292	11	1	21
293	10	1	21
294	11	2	22
295	10	1	21
296	9	1	21
297	8	1	21
298	7	1	21
299	6	1	21
300	5	1	21
301	6	2	22
302	5	1	21
303	4	1	21
304	3	1	21
305	2	1	21
306	1	1	21
307	2	2	22
308	1	1	21
309	12	1	21
310	11	1	21
311	10	1	21
312	9	1	21
313	8	1	21
314	7	1	21
315	6	1	21
316	5	1	21
317	4	1	21
318	5	2	22
319	4	1	21
320	3	1	21
321	2	1	21
322	1	1	21
323	12	1	21
324	1	2	22
325	12	1	21
326	11	1	21
327	10	1	21
328	9	1	21
329	8	1	21
330	7	1	21
331	6	1	21
332	5	1	21
333	4	1	21
334	3	1	21
335	2	1	21
336	1	1	21
337	12	1	21
338	11	1	21
339	10	1	21
340	9	1	21
341	8	1	21
342	7	1	21
343	6	1	21
344	5	1	21
345	4	1	21
346	3	1	21
347	2	1	21
348	1	1	21
349	12	1	21
350	11	1	21
351	10	1	21
352	9	1	21
353	8	1	21
354	7	1	21
355	6	1	21
356	5	1	21
357	4	1	21
358	3	1	21
359	2	1	21
360	1	1	21
361	12	1	21
362	11	1	21
363	10	1	21
364	9	1	21
365	8	1	21
366	7	1	21
367	6	1	21
368	5	1	21
369	4	1	21
370	3	1	21
371	2	1	21
372	1	1	21
373	12	1	21
374	11	1	21
375	10	1	21
376	9	1	21
377	8	1	21
378	7	1	21
379	8	2	22
380	7	1	21
381	6	1	21
382	5	1	21
383	4	1	21
384	3	1	21
385	2	1	21
386	1	1	21
387	12	1	21
388	1	2	22
389	12	1	21
390	11	1	21
391	10	1	21
392	11	2	22
393	10	1	21
394	9	1	21
395	8	1	21
396	7	1	21
397	6	1	21
398	5	1	21
399	4	1	21
400	3	1	21
401	2	1	21
402	3	2	22
403	2	1	21
404	1	1	21
405	12	1	21
406	11	1	21
407	10	1	21
408	11	2	22
409	10	1	21
410	9	1	21
411	8	1	21
412	9	2	22
413	8	1	21
414	7	1	21
415	6	1	21
416	5	1	21
417	4	1	21
418	3	1	21
419	2	1	21
420	1	1	21
421	12	1	21
422	11	1	21
423	12	2	22
424	11	1	21
425	10	1	21
426	9	1	21
427	8	1	21
428	7	1	21
429	6	1	21
430	5	1	21
431	4	1	21
432	3	1	21
433	2	1	21
434	1	1	21
435	12	1	21
436	11	1	21
437	10	1	21
438	9	1	21
439	8	1	21
440	7	1	21
441	6	1	21
442	5	1	21
443	4	1	21
444	3	1	21
445	2	1	21
446	1	1	21
447	12	1	21
448	11	1	21
449	10	1	21
450	9	1	21
451	8	1	21
452	9	2	22
453	8	1	21
454	7	1	21
455	6	1	21
456	5	1	21
457	4	1	21
458	3	1	21
459	2	1	21
460	1	1	21
461	12	1	21
462	11	1	21
463	10	1	21
464	9	1	21
465	10	2	22
466	9	1	21
467	8	1	21
468	7	1	21
469	8	2	22
470	7	1	21
471	6	1	21
472	5	1	21
473	4	1	21
474	3	1	21
475	2	1	21
476	1	1	21
477	12	1	21
478	11	1	21
479	10	1	21
480	9	1	21
481	8	1	21
482	7	1	21
483	8	2	22
484	7	1	21
485	6	1	21
486	5	1	21
487	4	1	21
488	3	1	21
489	2	1	21
490	1	1	21
491	2	2	22
492	1	1	21
493	12	1	21
494	11	1	21
495	10	1	21
496	9	1	21
497	8	1	21
498	7	1	21
499	6	1	21
500	5	1	21
501	4	1	21
502	3	1	21
503	4	2	22
504	3	1	21
505	2	1	21
506	1	1	21
507	12	1	21
508	11	1	21
509	10	1	21
510	11	2	22
511	10	1	21
512	9	1	21
513	8	1	21
514	7	1	21
515	6	1	21
516	5	1	21
517	4	1	21
518	3	1	21
519	4	2	22
520	3	1	21
521	2	1	21
522	1	1	21
523	12	1	21
524	11	1	21
525	10	1	21
526	9	1	21
527	8	1	21
528	7	1	21
529	6	1	21
530	5	1	21
531	4	1	21
532	3	1	21
533	2	1	21
534	1	1	21
535	12	1	21
536	11	1	21
537	10	1	21
538	9	1	21
539	8	1	21
540	7	1	21
541	6	1	21
542	5	1	21
543	4	1	21
544	3	1	21
545	2	1	21
546	1	1	21
547	12	1	21
548	11	1	21
549	10	1	21
550	9	1	21
551	8	1	21
552	7	1	21
553	6	1	21
554	5	1	21
555	4	1	21
556	3	1	21
557	2	1	21
558	3	2	22
559	2	1	21
560	1	1	21
561	12	1	21
562	11	1	21
563	10	1	21
564	9	1	21
565	8	1	21
566	9	2	22
567	8	1	21
568	7	1	21
569	6	1	21
570	7	2	22
571	6	1	21
572	5	1	21
573	4	1	21
574	3	1	21
575	4	2	22
576	3	1	21
577	2	1	21
578	1	1	21
579	12	1	21
580	11	1	21
581	10	1	21
582	9	1	21
583	8	1	21
584	7	1	21
585	6	1	21
586	5	1	21
587	4	1	21
588	3	1	21
589	2	1	21
590	1	1	21
591	12	1	21
592	11	1	21
593	10	1	21
594	9	1	21
595	8	1	21
596	9	2	22
597	8	1	21
598	7	1	21
599	6	1	21
600	5	1	21
601	6	2	22
602	5	1	21
603	4	1	21
604	3	1	21
605	2	1	21
606	1	1	21
607	12	1	21
608	11	1	21
609	10	1	21
610	9	1	21
611	8	1	21
612	7	1	21
613	6	1	21
614	5	1	21
615	4	1	21
616	3	1	21
617	4	2	22
618	3	1	21
619	2	1	21
620	1	1	21
621	12	1	21
622	11	1	21
623	12	2	22
624	11	1	21
625	10	1	21
626	9	1	21
627	10	2	22
628	9	1	21
629	8	1	21
630	7	1	21
631	6	1	21
632	5	1	21
633	4	1	21
634	5	2	22
635	4	1	21
636	3	1	21
637	2	1	21
638	1	1	21
639	12	1	21
640	11	1	21
641	10	1	21
642	9	1	21
643	8	1	21
644	7	1	21
645	6	1	21
646	7	2	22
647	6	1	21
648	5	1	21
649	4	1	21
650	3	1	21
651	2	1	21
652	1	1	21
653	12	1	21
654	11	1	21
655	12	2	22
656	11	1	21
657	10	1	21
658	9	1	21
659	8	1	21
660	7	1	21
661	6	1	21
662	5	1	21
663	4	1	21
664	3	1	21
665	2	1	21
666	1	1	21
667	2	2	22
668	1	1	21
669	12	1	21
670	11	1	21
671	12	2	22
672	11	1	21
673	10	1	21
674	9	1	21
675	8	1	21
676	7	1	21
677	6	1	21
678	5	1	21
679	4	1	21
680	3	1	21
681	2	1	21
682	1	1	21
683	12	1	21
684	11	1	21
685	10	1	21
686	9	1	21
687	10	2	22
688	9	1	21
689	8	1	21
690	7	1	21
691	6	1	21
692	5	1	21
693	4	1	21
694	5	2	22
695	4	1	21
696	3	1	21
697	2	1	21
698	1	1	21
699	12	1	21
700	11	1	21
701	12	2	22
702	11	1	21
703	10	1	21
704	9	1	21
705	8	1	21
706	7	1	21
707	6	1	21
708	5	1	21
709	4	1	21
710	3	1	21
711	2	1	21
712	1	1	21
713	12	1	21
714	1	2	22
715	12	1	21
716	11	1	21
717	10	1	21
718	9	1	21
719	8	1	21
720	7	1	21
721	6	1	21
722	5	1	21
723	4	1	21
724	3	1	21
725	2	1	21
726	1	1	21
727	12	1	21
728	11	1	21
729	10	1	21
730	11	2	22
731	10	1	21
732	9	1	21
733	8	1	21
734	7	1	21
735	6	1	21
736	7	2	22
737	6	1	21
738	5	1	21
739	4	1	21
740	3	1	21
741	2	1	21
742	3	2	22
743	2	1	21
744	1	1	21
745	12	1	21
746	11	1	21
747	10	1	21
748	9	1	21
749	8	1	21
750	7	1	21
751	6	1	21
752	5	1	21
753	6	2	22
754	5	1	21
755	4	1	21
756	3	1	21
757	2	1	21
758	1	1	21
759	2	2	22
760	1	1	21
761	12	1	21
762	11	1	21
763	10	1	21
764	11	2	22
765	10	1	21
766	9	1	21
767	8	1	21
768	7	1	21
769	6	1	21
770	7	2	22
771	6	1	21
772	5	1	21
773	4	1	21
774	3	1	21
775	2	1	21
776	3	2	22
777	2	1	21
778	1	1	21
779	12	1	21
780	11	1	21
781	10	1	21
782	9	1	21
783	10	2	22
784	9	1	21
785	8	1	21
786	7	1	21
787	6	1	21
788	5	1	21
789	6	2	22
790	5	1	21
791	4	1	21
792	3	1	21
793	2	1	21
794	1	1	21
795	12	1	21
796	11	1	21
797	10	1	21
798	9	1	21
799	8	1	21
800	9	2	22
801	8	1	21
802	7	1	21
803	6	1	21
804	5	1	21
805	4	1	21
806	3	1	21
807	2	1	21
808	1	1	21
809	12	1	21
810	11	1	21
811	10	1	21
812	9	1	21
813	8	1	21
814	7	1	21
815	6	1	21
816	5	1	21
817	4	1	21
818	5	2	22
819	4	1	21
820	3	1	21
