1	12	1	21
2	11	1	21
3	10	1	21
4	9	1	21
5	8	1	21
6	7	1	21
7	6	1	21
8	5	1	21
9	4	1	21
10	3	1	21
11	2	1	21
12	1	1	21
13	12	1	21
14	11	1	21
15	10	1	21
16	9	1	21
17	8	1	21
18	7	1	21
19	6	1	21
20	7	2	22
21	6	1	21
22	5	1	21
23	4	1	21
24	3	1	21
25	2	1	21
26	1	1	21
27	12	1	21
28	11	1	21
29	10	1	21
30	9	1	21
31	8	1	21
32	7	1	21
33	6	1	21
34	7	2	22
35	6	1	21
36	5	1	21
37	4	1	21
38	3	1	21
39	2	1	21
40	1	1	21
41	12	1	21
42	11	1	21
43	10	1	21
44	9	1	21
45	8	1	21
46	7	1	21
47	8	2	22
48	7	1	21
49	6	1	21
50	5	1	21
51	4	1	21
52	3	1	21
53	4	2	22
54	3	1	21
55	2	1	21
56	1	1	21
57	12	1	21
58	1	2	22
59	12	1	21
60	11	1	21
61	10	1	21
62	9	1	21
63	8	1	21
64	7	1	21
65	6	1	21
66	7	2	22
67	6	1	21
68	5	1	21
69	4	1	21
70	3	1	21
71	2	1	21
72	1	1	21
73	12	1	21
74	11	1	21
75	10	1	21
76	9	1	21
77	8	1	21
78	7	1	21
79	6	1	21
80	5	1	21
81	4	1	21
82	3	1	21
83	2	1	21
84	3	2	22
85	2	1	21
86	1	1	21
87	12	1	21
88	11	1	21
89	12	2	22
90	11	1	21
91	10	1	21
92	9	1	21
93	8	1	21
94	7	1	21
95	6	1	21
96	5	1	21
97	4	1	21
98	3	1	21
99	2	1	21
100	3	2	22
101	2	1	21
102	1	1	21
103	12	1	21
104	11	1	21
105	10	1	21
106	9	1	21
107	8	1	21
108	7	1	21
109	6	1	21
110	5	1	21
111	4	1	21
112	3	1	21
113	2	1	21
114	1	1	21
115	12	1	21
116	11	1	21
117	10	1	21
118	9	1	21
119	8	1	21
120	9	2	22
121	8	1	21
122	7	1	21
123	6	1	21
124	5	1	21
125	4	1	21
126	3	1	21
127	2	1	21
128	1	1	21
129	12	1	21
130	11	1	21
131	10	1	21
132	9	1	21
133	8	1	21
134	7	1	21
135	6	1	21
136	5	1	21
137	4	1	21
138	3	1	21
139	4	2	22
140	3	1	21
141	2	1	21
142	1	1	21
143	12	1	21
144	11	1	21
145	10	1	21
146	9	1	21
147	10	2	22
148	9	1	21
149	8	1	21
150	7	1	21
151	6	1	21
152	5	1	21
153	4	1	21
154	3	1	21
155	4	2	22
156	3	1	21
157	2	1	21
158	1	1	21
159	12	1	21
160	11	1	21
161	10	1	21
162	9	1	21
163	8	1	21
164	7	1	21
165	8	2	22
166	7	1	21
167	6	1	21
168	5	1	21
169	4	1	21
170	3	1	21
171	4	2	22
172	3	1	21
173	2	1	21
174	1	1	21
175	12	1	21
176	11	1	21
177	10	1	21
178	9	1	21
179	8	1	21
180	7	1	21
181	6	1	21
182	5	1	21
183	4	1	21
184	3	1	21
185	2	1	21
186	1	1	21
187	12	1	21
188	11	1	21
189	10	1	21
190	9	1	21
191	8	1	21
192	7	1	21
193	6	1	21
194	5	1	21
195	4	1	21
196	3	1	21
197	2	1	21
198	1	1	21
199	12	1	21
200	11	1	21
201	12	2	22
202	11	1	21
203	10	1	21
204	9	1	21
205	8	1	21
206	7	1	21
207	6	1	21
208	5	1	21
209	4	1	21
210	3	1	21
211	4	2	22
212	3	1	21
213	2	1	21
214	1	1	21
215	12	1	21
216	11	1	21
217	10	1	21
218	9	1	21
219	8	1	21
220	9	2	22
221	8	1	21
222	7	1	21
223	6	1	21
224	5	1	21
225	6	2	22
226	5	1	21
227	4	1	21
228	3	1	21
229	2	1	21
230	1	1	21
231	12	1	21
232	11	1	21
233	10	1	21
234	9	1	21
235	8	1	21
236	7	1	21
237	6	1	21
238	5	1	21
239	4	1	21
240	5	2	22
241	4	1	21
242	3	1	21
243	2	1	21
244	1	1	21
245	12	1	21
246	11	1	21
247	10	1	21
248	9	1	21
249	8	1	21
250	7	1	21
251	6	1	21
252	5	1	21
253	4	1	21
254	3	1	21
255	2	1	21
256	1	1	21
257	12	1	21
258	1	2	22
259	12	1	21
260	11	1	21
261	10	1	21
262	11	2	22
263	10	1	21
264	9	1	21
265	8	1	21
266	7	1	21
267	6	1	21
268	5	1	21
269	6	2	22
270	5	1	21
271	4	1	21
272	3	1	21
273	2	1	21
274	1	1	21
275	12	1	21
276	11	1	21
277	10	1	21
278	11	2	22
279	10	1	21
280	9	1	21
281	8	1	21
282	7	1	21
283	6	1	21
284	5	1	21
285	4	1	21
286	3	1	21
287	2	1	21
288	1	1	21
289	2	2	22
290	1	1	21
291	12	1	21
292	11	1	21
293	10	1	21
294	11	2	22
295	10	1	21
296	9	1	21
297	8	1	21
298	7	1	21
299	6	1	21
300	5	1	21
301	4	1	21
302	5	2	22
303	4	1	21
304	3	1	21
305	2	1	21
306	1	1	21
307	12	1	21
308	11	1	21
309	10	1	21
310	9	1	21
311	8	1	21
312	9	2	22
313	8	1	21
314	7	1	21
315	6	1	21
316	7	2	22
317	6	1	21
318	5	1	21
319	4	1	21
320	3	1	21
321	2	1	21
322	1	1	21
323	12	1	21
324	11	1	21
325	10	1	21
326	9	1	21
327	8	1	21
328	7	1	21
329	6	1	21
330	5	1	21
331	4	1	21
332	3	1	21
333	2	1	21
334	3	2	22
335	2	1	21
336	1	1	21
337	12	1	21
338	11	1	21
339	10	1	21
340	9	1	21
341	10	2	22
342	9	1	21
343	8	1	21
344	7	1	21
345	6	1	21
346	5	1	21
347	4	1	21
348	5	2	22
349	4	1	21
350	3	1	21
351	2	1	21
352	1	1	21
353	12	1	21
354	11	1	21
355	12	2	22
356	11	1	21
357	10	1	21
358	9	1	21
359	8	1	21
360	7	1	21
361	6	1	21
362	5	1	21
363	4	1	21
364	3	1	21
365	2	1	21
366	1	1	21
367	12	1	21
368	11	1	21
369	10	1	21
370	9	1	21
371	8	1	21
372	7	1	21
373	6	1	21
374	5	1	21
375	4	1	21
376	3	1	21
377	2	1	21
378	1	1	21
379	12	1	21
380	1	2	22
381	12	1	21
382	11	1	21
383	10	1	21
384	9	1	21
385	8	1	21
386	7	1	21
387	6	1	21
388	5	1	21
389	4	1	21
390	3	1	21
391	2	1	21
392	1	1	21
393	12	1	21
394	11	1	21
395	10	1	21
396	9	1	21
397	8	1	21
398	7	1	21
399	6	1	21
400	5	1	21
401	4	1	21
402	3	1	21
403	2	1	21
404	1	1	21
405	12	1	21
406	11	1	21
407	10	1	21
408	9	1	21
409	8	1	21
410	7	1	21
411	6	1	21
412	5	1	21
413	4	1	21
414	3	1	21
415	2	1	21
416	1	1	21
417	12	1	21
418	11	1	21
419	10	1	21
420	9	1	21
421	10	2	22
422	9	1	21
423	8	1	21
424	7	1	21
425	6	1	21
426	5	1	21
427	4	1	21
428	3	1	21
429	2	1	21
430	1	1	21
431	2	2	22
432	1	1	21
433	12	1	21
434	11	1	21
435	10	1	21
436	9	1	21
437	8	1	21
438	7	1	21
439	6	1	21
440	7	2	22
441	6	1	21
442	5	1	21
443	4	1	21
444	3	1	21
445	2	1	21
446	1	1	21
447	12	1	21
448	11	1	21
449	10	1	21
450	9	1	21
451	8	1	21
452	7	1	21
453	6	1	21
454	5	1	21
455	4	1	21
456	3	1	21
457	2	1	21
458	1	1	21
459	12	1	21
460	11	1	21
461	10	1	21
462	9	1	21
463	8	1	21
464	7	1	21
465	6	1	21
466	5	1	21
467	4	1	21
468	5	2	22
469	4	1	21
470	3	1	21
471	2	1	21
472	1	1	21
473	2	2	22
474	1	1	21
475	12	1	21
476	11	1	21
477	10	1	21
478	9	1	21
479	8	1	21
480	7	1	21
481	6	1	21
482	5	1	21
483	4	1	21
484	5	2	22
485	4	1	21
486	3	1	21
487	2	1	21
488	1	1	21
489	12	1	21
490	11	1	21
491	10	1	21
492	9	1	21
493	8	1	21
494	7	1	21
495	6	1	21
496	5	1	21
497	4	1	21
498	3	1	21
499	4	2	22
500	3	1	21
501	2	1	21
502	1	1	21
503	12	1	21
504	11	1	21
505	10	1	21
506	9	1	21
507	8	1	21
508	7	1	21
509	6	1	21
510	5	1	21
511	4	1	21
512	5	2	22
513	4	1	21
514	3	1	21
515	2	1	21
516	1	1	21
517	12	1	21
518	11	1	21
519	10	1	21
520	9	1	21
521	10	2	22
522	9	1	21
523	8	1	21
524	7	1	21
525	6	1	21
526	5	1	21
527	4	1	21
528	3	1	21
529	2	1	21
530	1	1	21
531	12	1	21
532	11	1	21
533	10	1	21
534	11	2	22
535	10	1	21
536	9	1	21
537	8	1	21
538	7	1	21
539	8	2	22
540	7	1	21
541	6	1	21
542	5	1	21
543	4	1	21
544	3	1	21
545	2	1	21
546	1	1	21
547	12	1	21
548	11	1	21
549	10	1	21
550	11	2	22
551	10	1	21
552	9	1	21
553	8	1	21
554	7	1	21
555	6	1	21
556	5	1	21
557	4	1	21
558	3	1	21
559	2	1	21
560	1	1	21
561	12	1	21
562	1	2	22
563	12	1	21
564	11	1	21
565	10	1	21
566	9	1	21
567	8	1	21
568	9	2	22
569	8	1	21
570	7	1	21
571	6	1	21
572	5	1	21
573	6	2	22
574	5	1	21
575	4	1	21
576	3	1	21
577	2	1	21
578	3	2	22
579	2	1	21
580	1	1	21
581	12	1	21
582	11	1	21
583	12	2	22
584	11	1	21
585	10	1	21
586	9	1	21
587	8	1	21
588	7	1	21
589	6	1	21
590	5	1	21
591	4	1	21
592	3	1	21
593	2	1	21
594	1	1	21
595	12	1	21
596	11	1	21
597	12	2	22
598	11	1	21
599	10	1	21
600	9	1	21
601	8	1	21
602	9	2	22
603	8	1	21
604	7	1	21
605	6	1	21
606	5	1	21
607	4	1	21
608	3	1	21
609	2	1	21
610	1	1	21
611	12	1	21
612	11	1	21
613	12	2	22
614	11	1	21
615	10	1	21
616	9	1	21
617	8	1	21
618	7	1	21
619	6	1	21
620	5	1	21
621	6	2	22
622	5	1	21
623	4	1	21
624	3	1	21
625	2	1	21
626	1	1	21
627	12	1	21
628	11	1	21
629	10	1	21
630	9	1	21
631	8	1	21
632	7	1	21
633	6	1	21
634	5	1	21
635	4	1	21
636	3	1	21
637	2	1	21
638	1	1	21
639	12	1	21
640	11	1	21
641	10	1	21
642	9	1	21
643	8	1	21
644	7	1	21
645	6	1	21
646	5	1	21
647	4	1	21
648	5	2	22
649	4	1	21
650	3	1	21
651	2	1	21
652	3	2	22
653	2	1	21
654	1	1	21
655	12	1	21
656	11	1	21
657	10	1	21
658	9	1	21
659	8	1	21
660	7	1	21
661	6	1	21
662	5	1	21
663	4	1	21
664	3	1	21
665	2	1	21
666	1	1	21
667	2	2	22
668	1	1	21
669	12	1	21
670	11	1	21
671	10	1	21
672	9	1	21
673	8	1	21
674	7	1	21
675	8	2	22
676	7	1	21
677	6	1	21
678	5	1	21
679	4	1	21
680	3	1	21
681	2	1	21
682	3	2	22
683	2	1	21
684	1	1	21
685	12	1	21
686	1	2	22
687	12	1	21
688	11	1	21
689	10	1	21
690	9	1	21
691	8	1	21
692	7	1	21
693	6	1	21
694	5	1	21
695	4	1	21
696	3	1	21
697	2	1	21
698	1	1	21
699	2	2	22
700	1	1	21
701	12	1	21
702	11	1	21
703	10	1	21
704	11	2	22
705	10	1	21
706	9	1	21
707	8	1	21
708	7	1	21
709	6	1	21
710	5	1	21
711	4	1	21
712	3	1	21
713	2	1	21
714	1	1	21
715	12	1	21
716	11	1	21
717	10	1	21
718	9	1	21
719	10	2	22
720	9	1	21
721	8	1	21
722	7	1	21
723	6	1	21
724	5	1	21
725	4	1	21
726	3	1	21
727	2	1	21
728	1	1	21
729	12	1	21
730	11	1	21
731	10	1	21
732	9	1	21
733	8	1	21
734	7	1	21
735	8	2	22
736	7	1	21
737	6	1	21
738	5	1	21
739	6	2	22
740	5	1	21
741	4	1	21
742	3	1	21
743	2	1	21
744	1	1	21
745	2	2	22
746	1	1	21
747	12	1	21
748	11	1	21
749	12	2	22
750	11	1	21
751	10	1	21
752	9	1	21
753	8	1	21
754	7	1	21
755	6	1	21
756	5	1	21
757	4	1	21
758	3	1	21
759	2	1	21
760	1	1	21
761	12	1	21
762	11	1	21
763	10	1	21
764	9	1	21
765	8	1	21
766	7	1	21
767	6	1	21
768	5	1	21
769	4	1	21
770	3	1	21
771	2	1	21
772	1	1	21
773	12	1	21
774	11	1	21
775	10	1	21
776	9	1	21
777	8	1	21
778	9	2	22
779	8	1	21
780	7	1	21
781	6	1	21
782	5	1	21
783	6	2	22
784	5	1	21
785	4	1	21
786	3	1	21
787	2	1	21
788	1	1	21
789	12	1	21
790	1	2	22
791	12	1	21
792	11	1	21
793	10	1	21
794	9	1	21
795	8	1	21
796	7	1	21
797	6	1	21
798	7	2	22
799	6	1	21
800	5	1	21
801	4	1	21
802	3	1	21
803	4	2	22
804	3	1	21
805	2	1	21
806	1	1	21
807	12	1	21
808	11	1	21
809	10	1	21
810	9	1	21
811	10	2	22
812	9	1	21
813	8	1	21
814	7	1	21
815	8	2	22
816	7	1	21
817	6	1	21
818	5	1	21
819	4	1	21
820	3	1	21
