1	12	1	41
2	11	1	41
3	10	1	41
4	9	1	41
5	8	1	41
6	7	1	41
7	6	1	41
8	5	1	41
9	4	1	41
10	3	1	41
11	2	1	41
12	1	1	41
13	12	1	41
14	11	1	41
15	10	1	41
16	9	1	41
17	8	1	41
18	7	1	41
19	6	1	41
20	5	1	41
21	4	1	41
22	3	1	41
23	2	1	41
24	1	1	41
25	12	1	41
26	11	1	41
27	12	2	42
28	11	1	41
29	10	1	41
30	9	1	41
31	8	1	41
32	9	2	42
33	8	1	41
34	7	1	41
35	6	1	41
36	5	1	41
37	4	1	41
38	3	1	41
39	4	2	42
40	3	1	41
41	2	1	41
42	1	1	41
43	12	1	41
44	11	1	41
45	10	1	41
46	11	2	42
47	10	1	41
48	9	1	41
49	8	1	41
50	9	2	42
51	8	1	41
52	7	1	41
53	6	1	41
54	5	1	41
55	4	1	41
56	3	1	41
57	4	2	42
58	3	1	41
59	2	1	41
60	1	1	41
61	12	1	41
62	11	1	41
63	10	1	41
64	9	1	41
65	8	1	41
66	7	1	41
67	6	1	41
68	5	1	41
69	4	1	41
70	3	1	41
71	2	1	41
72	3	2	42
73	2	1	41
74	1	1	41
75	12	1	41
76	11	1	41
77	10	1	41
78	9	1	41
79	8	1	41
80	7	1	41
81	6	1	41
82	5	1	41
83	4	1	41
84	5	2	42
85	4	1	41
86	3	1	41
87	2	1	41
88	1	1	41
89	12	1	41
90	11	1	41
91	10	1	41
92	9	1	41
93	8	1	41
94	7	1	41
95	6	1	41
96	5	1	41
97	4	1	41
98	5	2	42
99	4	1	41
100	3	1	41
101	2	1	41
102	1	1	41
103	12	1	41
104	11	1	41
105	10	1	41
106	9	1	41
107	8	1	41
108	7	1	41
109	6	1	41
110	5	1	41
111	4	1	41
112	3	1	41
113	2	1	41
114	1	1	41
115	12	1	41
116	11	1	41
117	10	1	41
118	9	1	41
119	8	1	41
120	7	1	41
121	6	1	41
122	5	1	41
123	4	1	41
124	3	1	41
125	2	1	41
126	1	1	41
127	12	1	41
128	11	1	41
129	12	2	42
130	11	1	41
131	10	1	41
132	9	1	41
133	8	1	41
134	9	2	42
135	8	1	41
136	7	1	41
137	6	1	41
138	5	1	41
139	4	1	41
140	3	1	41
141	4	2	42
142	3	1	41
143	2	1	41
144	1	1	41
145	12	1	41
146	11	1	41
147	10	1	41
148	11	2	42
149	10	1	41
150	9	1	41
151	8	1	41
152	7	1	41
153	6	1	41
154	5	1	41
155	6	2	42
156	5	1	41
157	4	1	41
158	3	1	41
159	2	1	41
160	3	2	42
161	2	1	41
162	1	1	41
163	12	1	41
164	11	1	41
165	10	1	41
166	9	1	41
167	8	1	41
168	9	2	42
169	8	1	41
170	7	1	41
171	6	1	41
172	5	1	41
173	4	1	41
174	5	2	42
175	4	1	41
176	3	1	41
177	2	1	41
178	1	1	41
179	12	1	41
180	11	1	41
181	10	1	41
182	9	1	41
183	8	1	41
184	7	1	41
185	6	1	41
186	5	1	41
187	4	1	41
188	5	2	42
189	4	1	41
190	3	1	41
191	2	1	41
192	3	2	42
193	2	1	41
194	1	1	41
195	12	1	41
196	11	1	41
197	10	1	41
198	9	1	41
199	10	2	42
200	9	1	41
201	8	1	41
202	7	1	41
203	6	1	41
204	5	1	41
205	4	1	41
206	3	1	41
207	2	1	41
208	1	1	41
209	12	1	41
210	11	1	41
211	10	1	41
212	9	1	41
213	8	1	41
214	7	1	41
215	6	1	41
216	5	1	41
217	4	1	41
218	3	1	41
219	2	1	41
220	1	1	41
221	12	1	41
222	11	1	41
223	10	1	41
224	11	2	42
225	10	1	41
226	9	1	41
227	8	1	41
228	7	1	41
229	6	1	41
230	5	1	41
231	4	1	41
232	3	1	41
233	4	2	42
234	3	1	41
235	2	1	41
236	1	1	41
237	12	1	41
238	11	1	41
239	10	1	41
240	9	1	41
241	10	2	42
242	9	1	41
243	8	1	41
244	7	1	41
245	6	1	41
246	5	1	41
247	4	1	41
248	3	1	41
249	4	2	42
250	3	1	41
251	2	1	41
252	1	1	41
253	12	1	41
254	11	1	41
255	10	1	41
256	9	1	41
257	8	1	41
258	7	1	41
259	6	1	41
260	5	1	41
261	4	1	41
262	3	1	41
263	2	1	41
264	1	1	41
265	2	2	42
266	1	1	41
267	12	1	41
268	11	1	41
269	12	2	42
270	11	1	41
271	10	1	41
272	9	1	41
273	8	1	41
274	7	1	41
275	6	1	41
276	5	1	41
277	6	2	42
278	5	1	41
279	4	1	41
280	3	1	41
281	2	1	41
282	3	2	42
283	2	1	41
284	1	1	41
285	12	1	41
286	11	1	41
287	10	1	41
288	9	1	41
289	8	1	41
290	7	1	41
291	6	1	41
292	7	2	42
293	6	1	41
294	5	1	41
295	4	1	41
296	3	1	41
297	2	1	41
298	1	1	41
299	12	1	41
300	11	1	41
301	10	1	41
302	9	1	41
303	8	1	41
304	7	1	41
305	6	1	41
306	5	1	41
307	6	2	42
308	5	1	41
309	4	1	41
310	3	1	41
311	2	1	41
312	1	1	41
313	12	1	41
314	11	1	41
315	10	1	41
316	9	1	41
317	8	1	41
318	7	1	41
319	6	1	41
320	5	1	41
321	4	1	41
322	3	1	41
323	2	1	41
324	1	1	41
325	12	1	41
326	11	1	41
327	10	1	41
328	9	1	41
329	10	2	42
330	9	1	41
331	8	1	41
332	7	1	41
333	6	1	41
334	5	1	41
335	4	1	41
336	3	1	41
337	2	1	41
338	1	1	41
339	12	1	41
340	11	1	41
341	10	1	41
342	9	1	41
343	8	1	41
344	7	1	41
345	6	1	41
346	5	1	41
347	4	1	41
348	3	1	41
349	2	1	41
350	1	1	41
351	12	1	41
352	11	1	41
353	10	1	41
354	11	2	42
355	10	1	41
356	9	1	41
357	8	1	41
358	7	1	41
359	6	1	41
360	5	1	41
361	4	1	41
362	3	1	41
363	2	1	41
364	1	1	41
365	2	2	42
366	1	1	41
367	12	1	41
368	11	1	41
369	10	1	41
370	9	1	41
371	8	1	41
372	7	1	41
373	6	1	41
374	5	1	41
375	4	1	41
376	3	1	41
377	2	1	41
378	1	1	41
379	12	1	41
380	11	1	41
381	12	2	42
382	11	1	41
383	10	1	41
384	9	1	41
385	10	2	42
386	9	1	41
387	8	1	41
388	7	1	41
389	6	1	41
390	7	2	42
391	6	1	41
392	5	1	41
393	4	1	41
394	3	1	41
395	2	1	41
396	1	1	41
397	12	1	41
398	11	1	41
399	10	1	41
400	9	1	41
401	8	1	41
402	7	1	41
403	6	1	41
404	5	1	41
405	4	1	41
406	3	1	41
407	2	1	41
408	1	1	41
409	12	1	41
410	11	1	41
411	10	1	41
412	9	1	41
413	8	1	41
414	7	1	41
415	6	1	41
416	5	1	41
417	4	1	41
418	3	1	41
419	2	1	41
420	1	1	41
421	12	1	41
422	11	1	41
423	10	1	41
424	9	1	41
425	8	1	41
426	7	1	41
427	6	1	41
428	7	2	42
429	6	1	41
430	5	1	41
431	4	1	41
432	3	1	41
433	2	1	41
434	1	1	41
435	12	1	41
436	11	1	41
437	10	1	41
438	9	1	41
439	8	1	41
440	7	1	41
441	6	1	41
442	5	1	41
443	4	1	41
444	5	2	42
445	4	1	41
446	3	1	41
447	2	1	41
448	1	1	41
449	12	1	41
450	11	1	41
451	10	1	41
452	9	1	41
453	8	1	41
454	7	1	41
455	6	1	41
456	5	1	41
457	4	1	41
458	5	2	42
459	4	1	41
460	3	1	41
461	2	1	41
462	1	1	41
463	12	1	41
464	11	1	41
465	10	1	41
466	11	2	42
467	10	1	41
468	9	1	41
469	8	1	41
470	7	1	41
471	6	1	41
472	5	1	41
473	4	1	41
474	3	1	41
475	2	1	41
476	1	1	41
477	12	1	41
478	11	1	41
479	12	2	42
480	11	1	41
481	10	1	41
482	9	1	41
483	8	1	41
484	7	1	41
485	6	1	41
486	7	2	42
487	6	1	41
488	5	1	41
489	4	1	41
490	3	1	41
491	2	1	41
492	3	2	42
493	2	1	41
494	1	1	41
495	12	1	41
496	11	1	41
497	10	1	41
498	9	1	41
499	10	2	42
500	9	1	41
501	8	1	41
502	7	1	41
503	8	2	42
504	7	1	41
505	6	1	41
506	5	1	41
507	4	1	41
508	3	1	41
509	2	1	41
510	1	1	41
511	12	1	41
512	11	1	41
513	10	1	41
514	9	1	41
515	8	1	41
516	7	1	41
517	8	2	42
518	7	1	41
519	6	1	41
520	5	1	41
521	4	1	41
522	3	1	41
523	2	1	41
524	1	1	41
525	12	1	41
526	11	1	41
527	10	1	41
528	9	1	41
529	8	1	41
530	7	1	41
531	6	1	41
532	5	1	41
533	4	1	41
534	3	1	41
535	2	1	41
536	1	1	41
537	12	1	41
538	11	1	41
539	12	2	42
540	11	1	41
541	10	1	41
542	9	1	41
543	8	1	41
544	7	1	41
545	8	2	42
546	7	1	41
547	6	1	41
548	5	1	41
549	6	2	42
550	5	1	41
551	4	1	41
552	3	1	41
553	2	1	41
554	1	1	41
555	2	2	42
556	1	1	41
557	12	1	41
558	11	1	41
559	10	1	41
560	9	1	41
561	8	1	41
562	7	1	41
563	8	2	42
564	7	1	41
565	6	1	41
566	5	1	41
567	4	1	41
568	3	1	41
569	2	1	41
570	1	1	41
571	12	1	41
572	11	1	41
573	10	1	41
574	9	1	41
575	8	1	41
576	7	1	41
577	8	2	42
578	7	1	41
579	6	1	41
580	5	1	41
581	4	1	41
582	3	1	41
583	4	2	42
584	3	1	41
585	2	1	41
586	1	1	41
587	2	2	42
588	1	1	41
589	12	1	41
590	11	1	41
591	10	1	41
592	9	1	41
593	8	1	41
594	7	1	41
595	8	2	42
596	7	1	41
597	6	1	41
598	5	1	41
599	4	1	41
600	3	1	41
601	2	1	41
602	1	1	41
603	12	1	41
604	11	1	41
605	10	1	41
606	9	1	41
607	10	2	42
608	9	1	41
609	8	1	41
610	7	1	41
611	8	2	42
612	7	1	41
613	6	1	41
614	5	1	41
615	4	1	41
616	3	1	41
617	2	1	41
618	1	1	41
619	12	1	41
620	11	1	41
621	10	1	41
622	11	2	42
623	10	1	41
624	9	1	41
625	8	1	41
626	7	1	41
627	6	1	41
628	5	1	41
629	6	2	42
630	5	1	41
631	4	1	41
632	3	1	41
633	2	1	41
634	1	1	41
635	2	2	42
636	1	1	41
637	12	1	41
638	11	1	41
639	10	1	41
640	9	1	41
641	8	1	41
642	7	1	41
643	6	1	41
644	5	1	41
645	4	1	41
646	3	1	41
647	2	1	41
648	1	1	41
649	2	2	42
650	1	1	41
651	12	1	41
652	11	1	41
653	10	1	41
654	9	1	41
655	8	1	41
656	7	1	41
657	6	1	41
658	7	2	42
659	6	1	41
660	5	1	41
661	4	1	41
662	3	1	41
663	2	1	41
664	1	1	41
665	12	1	41
666	11	1	41
667	10	1	41
668	9	1	41
669	8	1	41
670	7	1	41
671	6	1	41
672	5	1	41
673	6	2	42
674	5	1	41
675	4	1	41
676	3	1	41
677	2	1	41
678	1	1	41
679	12	1	41
680	11	1	41
681	10	1	41
682	9	1	41
683	8	1	41
684	9	2	42
685	8	1	41
686	7	1	41
687	6	1	41
688	5	1	41
689	4	1	41
690	3	1	41
691	2	1	41
692	1	1	41
693	12	1	41
694	11	1	41
695	10	1	41
696	9	1	41
697	8	1	41
698	7	1	41
699	6	1	41
700	5	1	41
701	4	1	41
702	3	1	41
703	4	2	42
704	3	1	41
705	2	1	41
706	1	1	41
707	12	1	41
708	11	1	41
709	12	2	42
710	11	1	41
711	10	1	41
712	9	1	41
713	8	1	41
714	7	1	41
715	6	1	41
716	5	1	41
717	4	1	41
718	3	1	41
719	2	1	41
720	1	1	41
721	12	1	41
722	11	1	41
723	10	1	41
724	9	1	41
725	8	1	41
726	7	1	41
727	6	1	41
728	5	1	41
729	6	2	42
730	5	1	41
731	4	1	41
732	3	1	41
733	2	1	41
734	3	2	42
735	2	1	41
736	1	1	41
737	12	1	41
738	11	1	41
739	10	1	41
740	9	1	41
741	8	1	41
742	7	1	41
743	6	1	41
744	7	2	42
745	6	1	41
746	5	1	41
747	4	1	41
748	5	2	42
749	4	1	41
750	3	1	41
751	2	1	41
752	1	1	41
753	12	1	41
754	11	1	41
755	10	1	41
756	9	1	41
757	8	1	41
758	7	1	41
759	6	1	41
760	5	1	41
761	4	1	41
762	3	1	41
763	2	1	41
764	1	1	41
765	12	1	41
766	11	1	41
767	10	1	41
768	9	1	41
769	8	1	41
770	9	2	42
771	8	1	41
772	7	1	41
773	6	1	41
774	7	2	42
775	6	1	41
776	5	1	41
777	4	1	41
778	3	1	41
779	2	1	41
780	1	1	41
781	12	1	41
782	11	1	41
783	10	1	41
784	9	1	41
785	8	1	41
786	9	2	42
787	8	1	41
788	7	1	41
789	6	1	41
790	5	1	41
791	4	1	41
792	3	1	41
793	2	1	41
794	3	2	42
795	2	1	41
796	1	1	41
797	12	1	41
798	11	1	41
799	10	1	41
800	9	1	41
801	8	1	41
802	7	1	41
803	6	1	41
804	5	1	41
805	4	1	41
806	3	1	41
807	2	1	41
808	1	1	41
809	12	1	41
810	11	1	41
811	10	1	41
812	9	1	41
813	10	2	42
814	9	1	41
815	8	1	41
816	7	1	41
817	6	1	41
818	5	1	41
819	4	1	41
820	3	1	41
