1	12	1	21
2	11	1	21
3	10	1	21
4	9	1	21
5	8	1	21
6	7	1	21
7	6	1	21
8	7	2	22
9	6	1	21
10	5	1	21
11	4	1	21
12	3	1	21
13	2	1	21
14	3	2	22
15	2	1	21
16	1	1	21
17	12	1	21
18	11	1	21
19	10	1	21
20	9	1	21
21	8	1	21
22	7	1	21
23	6	1	21
24	5	1	21
25	4	1	21
26	3	1	21
27	2	1	21
28	1	1	21
29	12	1	21
30	11	1	21
31	10	1	21
32	9	1	21
33	8	1	21
34	7	1	21
35	6	1	21
36	5	1	21
37	4	1	21
38	3	1	21
39	2	1	21
40	1	1	21
41	12	1	21
42	1	2	22
43	12	1	21
44	11	1	21
45	10	1	21
46	9	1	21
47	8	1	21
48	9	2	22
49	8	1	21
50	7	1	21
51	6	1	21
52	5	1	21
53	4	1	21
54	3	1	21
55	4	2	22
56	3	1	21
57	2	1	21
58	1	1	21
59	12	1	21
60	11	1	21
61	10	1	21
62	9	1	21
63	8	1	21
64	7	1	21
65	6	1	21
66	5	1	21
67	4	1	21
68	3	1	21
69	4	2	22
70	3	1	21
71	2	1	21
72	1	1	21
73	12	1	21
74	11	1	21
75	10	1	21
76	11	2	22
77	10	1	21
78	9	1	21
79	8	1	21
80	7	1	21
81	6	1	21
82	5	1	21
83	6	2	22
84	5	1	21
85	4	1	21
86	3	1	21
87	2	1	21
88	1	1	21
89	12	1	21
90	11	1	21
91	10	1	21
92	9	1	21
93	10	2	22
94	9	1	21
95	8	1	21
96	7	1	21
97	6	1	21
98	5	1	21
99	6	2	22
100	5	1	21
101	4	1	21
102	3	1	21
103	2	1	21
104	1	1	21
105	2	2	22
106	1	1	21
107	12	1	21
108	11	1	21
109	10	1	21
110	9	1	21
111	8	1	21
112	7	1	21
113	6	1	21
114	5	1	21
115	4	1	21
116	3	1	21
117	4	2	22
118	3	1	21
119	2	1	21
120	1	1	21
121	12	1	21
122	11	1	21
123	10	1	21
124	9	1	21
125	8	1	21
126	7	1	21
127	6	1	21
128	5	1	21
129	4	1	21
130	3	1	21
131	4	2	22
132	3	1	21
133	2	1	21
134	1	1	21
135	12	1	21
136	11	1	21
137	10	1	21
138	9	1	21
139	8	1	21
140	7	1	21
141	6	1	21
142	5	1	21
143	4	1	21
144	3	1	21
145	2	1	21
146	1	1	21
147	12	1	21
148	1	2	22
149	12	1	21
150	11	1	21
151	10	1	21
152	9	1	21
153	8	1	21
154	7	1	21
155	6	1	21
156	5	1	21
157	4	1	21
158	3	1	21
159	2	1	21
160	1	1	21
161	12	1	21
162	11	1	21
163	10	1	21
164	9	1	21
165	8	1	21
166	7	1	21
167	6	1	21
168	5	1	21
169	4	1	21
170	3	1	21
171	2	1	21
172	1	1	21
173	2	2	22
174	1	1	21
175	12	1	21
176	11	1	21
177	10	1	21
178	11	2	22
179	10	1	21
180	9	1	21
181	8	1	21
182	7	1	21
183	6	1	21
184	5	1	21
185	4	1	21
186	3	1	21
187	2	1	21
188	1	1	21
189	12	1	21
190	11	1	21
191	10	1	21
192	11	2	22
193	10	1	21
194	9	1	21
195	8	1	21
196	7	1	21
197	6	1	21
198	5	1	21
199	4	1	21
200	5	2	22
201	4	1	21
202	3	1	21
203	2	1	21
204	1	1	21
205	12	1	21
206	1	2	22
207	12	1	21
208	11	1	21
209	10	1	21
210	11	2	22
211	10	1	21
212	9	1	21
213	8	1	21
214	7	1	21
215	6	1	21
216	5	1	21
217	4	1	21
218	3	1	21
219	2	1	21
220	1	1	21
221	12	1	21
222	11	1	21
223	10	1	21
224	9	1	21
225	10	2	22
226	9	1	21
227	8	1	21
228	7	1	21
229	6	1	21
230	7	2	22
231	6	1	21
232	5	1	21
233	4	1	21
234	3	1	21
235	2	1	21
236	1	1	21
237	12	1	21
238	11	1	21
239	10	1	21
240	9	1	21
241	8	1	21
242	7	1	21
243	6	1	21
244	5	1	21
245	4	1	21
246	5	2	22
247	4	1	21
248	3	1	21
249	2	1	21
250	1	1	21
251	12	1	21
252	11	1	21
253	10	1	21
254	9	1	21
255	8	1	21
256	7	1	21
257	6	1	21
258	5	1	21
259	4	1	21
260	3	1	21
261	2	1	21
262	1	1	21
263	12	1	21
264	11	1	21
265	10	1	21
266	9	1	21
267	8	1	21
268	7	1	21
269	6	1	21
270	5	1	21
271	4	1	21
272	3	1	21
273	2	1	21
274	1	1	21
275	12	1	21
276	11	1	21
277	12	2	22
278	11	1	21
279	10	1	21
280	9	1	21
281	10	2	22
282	9	1	21
283	8	1	21
284	7	1	21
285	6	1	21
286	5	1	21
287	4	1	21
288	3	1	21
289	2	1	21
290	1	1	21
291	12	1	21
292	11	1	21
293	10	1	21
294	9	1	21
295	8	1	21
296	9	2	22
297	8	1	21
298	7	1	21
299	6	1	21
300	5	1	21
301	4	1	21
302	3	1	21
303	2	1	21
304	1	1	21
305	12	1	21
306	11	1	21
307	10	1	21
308	11	2	22
309	10	1	21
310	9	1	21
311	8	1	21
312	7	1	21
313	8	2	22
314	7	1	21
315	6	1	21
316	5	1	21
317	4	1	21
318	5	2	22
319	4	1	21
320	3	1	21
321	2	1	21
322	1	1	21
323	2	2	22
324	1	1	21
325	12	1	21
326	11	1	21
327	12	2	22
328	11	1	21
329	10	1	21
330	9	1	21
331	8	1	21
332	7	1	21
333	6	1	21
334	5	1	21
335	4	1	21
336	3	1	21
337	2	1	21
338	1	1	21
339	12	1	21
340	11	1	21
341	10	1	21
342	9	1	21
343	8	1	21
344	7	1	21
345	6	1	21
346	5	1	21
347	6	2	22
348	5	1	21
349	4	1	21
350	3	1	21
351	2	1	21
352	1	1	21
353	12	1	21
354	11	1	21
355	10	1	21
356	9	1	21
357	8	1	21
358	7	1	21
359	6	1	21
360	5	1	21
361	4	1	21
362	3	1	21
363	4	2	22
364	3	1	21
365	2	1	21
366	1	1	21
367	12	1	21
368	11	1	21
369	10	1	21
370	9	1	21
371	8	1	21
372	7	1	21
373	6	1	21
374	5	1	21
375	4	1	21
376	3	1	21
377	2	1	21
378	1	1	21
379	2	2	22
380	1	1	21
381	12	1	21
382	11	1	21
383	10	1	21
384	9	1	21
385	8	1	21
386	7	1	21
387	6	1	21
388	7	2	22
389	6	1	21
390	5	1	21
391	4	1	21
392	3	1	21
393	2	1	21
394	1	1	21
395	12	1	21
396	11	1	21
397	10	1	21
398	9	1	21
399	8	1	21
400	7	1	21
401	6	1	21
402	5	1	21
403	4	1	21
404	3	1	21
405	2	1	21
406	1	1	21
407	12	1	21
408	11	1	21
409	12	2	22
410	11	1	21
411	10	1	21
412	9	1	21
413	8	1	21
414	7	1	21
415	6	1	21
416	5	1	21
417	4	1	21
418	3	1	21
419	2	1	21
420	3	2	22
421	2	1	21
422	1	1	21
423	12	1	21
424	11	1	21
425	10	1	21
426	11	2	22
427	10	1	21
428	9	1	21
429	8	1	21
430	7	1	21
431	6	1	21
432	5	1	21
433	4	1	21
434	3	1	21
435	2	1	21
436	1	1	21
437	12	1	21
438	1	2	22
439	12	1	21
440	11	1	21
441	10	1	21
442	9	1	21
443	8	1	21
444	7	1	21
445	6	1	21
446	5	1	21
447	4	1	21
448	3	1	21
449	2	1	21
450	3	2	22
451	2	1	21
452	1	1	21
453	12	1	21
454	11	1	21
455	10	1	21
456	9	1	21
457	8	1	21
458	7	1	21
459	6	1	21
460	5	1	21
461	4	1	21
462	3	1	21
463	2	1	21
464	1	1	21
465	12	1	21
466	11	1	21
467	10	1	21
468	9	1	21
469	8	1	21
470	7	1	21
471	8	2	22
472	7	1	21
473	6	1	21
474	5	1	21
475	4	1	21
476	3	1	21
477	2	1	21
478	1	1	21
479	12	1	21
480	11	1	21
481	10	1	21
482	9	1	21
483	8	1	21
484	9	2	22
485	8	1	21
486	7	1	21
487	6	1	21
488	7	2	22
489	6	1	21
490	5	1	21
491	4	1	21
492	3	1	21
493	2	1	21
494	3	2	22
495	2	1	21
496	1	1	21
497	12	1	21
498	11	1	21
499	10	1	21
500	9	1	21
501	8	1	21
502	7	1	21
503	6	1	21
504	5	1	21
505	6	2	22
506	5	1	21
507	4	1	21
508	3	1	21
509	2	1	21
510	3	2	22
511	2	1	21
512	1	1	21
513	12	1	21
514	11	1	21
515	10	1	21
516	9	1	21
517	8	1	21
518	7	1	21
519	6	1	21
520	7	2	22
521	6	1	21
522	5	1	21
523	4	1	21
524	5	2	22
525	4	1	21
526	3	1	21
527	2	1	21
528	1	1	21
529	2	2	22
530	1	1	21
531	12	1	21
532	11	1	21
533	10	1	21
534	9	1	21
535	8	1	21
536	7	1	21
537	8	2	22
538	7	1	21
539	6	1	21
540	5	1	21
541	4	1	21
542	3	1	21
543	2	1	21
544	1	1	21
545	12	1	21
546	11	1	21
547	10	1	21
548	9	1	21
549	8	1	21
550	7	1	21
551	6	1	21
552	5	1	21
553	4	1	21
554	3	1	21
555	2	1	21
556	1	1	21
557	12	1	21
558	1	2	22
559	12	1	21
560	11	1	21
561	10	1	21
562	9	1	21
563	8	1	21
564	7	1	21
565	8	2	22
566	7	1	21
567	6	1	21
568	5	1	21
569	6	2	22
570	5	1	21
571	4	1	21
572	3	1	21
573	2	1	21
574	1	1	21
575	12	1	21
576	11	1	21
577	10	1	21
578	9	1	21
579	10	2	22
580	9	1	21
581	8	1	21
582	7	1	21
583	6	1	21
584	5	1	21
585	4	1	21
586	5	2	22
587	4	1	21
588	3	1	21
589	2	1	21
590	3	2	22
591	2	1	21
592	1	1	21
593	12	1	21
594	11	1	21
595	12	2	22
596	11	1	21
597	10	1	21
598	9	1	21
599	8	1	21
600	7	1	21
601	6	1	21
602	7	2	22
603	6	1	21
604	5	1	21
605	4	1	21
606	3	1	21
607	2	1	21
608	1	1	21
609	12	1	21
610	11	1	21
611	10	1	21
612	9	1	21
613	8	1	21
614	7	1	21
615	6	1	21
616	5	1	21
617	4	1	21
618	3	1	21
619	2	1	21
620	1	1	21
621	12	1	21
622	11	1	21
623	10	1	21
624	9	1	21
625	8	1	21
626	7	1	21
627	6	1	21
628	5	1	21
629	4	1	21
630	3	1	21
631	4	2	22
632	3	1	21
633	2	1	21
634	1	1	21
635	12	1	21
636	11	1	21
637	10	1	21
638	9	1	21
639	8	1	21
640	7	1	21
641	6	1	21
642	5	1	21
643	4	1	21
644	3	1	21
645	2	1	21
646	1	1	21
647	12	1	21
648	11	1	21
649	10	1	21
650	9	1	21
651	8	1	21
652	7	1	21
653	6	1	21
654	7	2	22
655	6	1	21
656	5	1	21
657	4	1	21
658	3	1	21
659	2	1	21
660	1	1	21
661	12	1	21
662	11	1	21
663	10	1	21
664	9	1	21
665	8	1	21
666	7	1	21
667	8	2	22
668	7	1	21
669	6	1	21
670	5	1	21
671	4	1	21
672	3	1	21
673	2	1	21
674	1	1	21
675	12	1	21
676	1	2	22
677	12	1	21
678	11	1	21
679	10	1	21
680	9	1	21
681	10	2	22
682	9	1	21
683	8	1	21
684	7	1	21
685	6	1	21
686	5	1	21
687	4	1	21
688	5	2	22
689	4	1	21
690	3	1	21
691	2	1	21
692	1	1	21
693	12	1	21
694	11	1	21
695	10	1	21
696	9	1	21
697	8	1	21
698	7	1	21
699	6	1	21
700	5	1	21
701	4	1	21
702	3	1	21
703	2	1	21
704	1	1	21
705	2	2	22
706	1	1	21
707	12	1	21
708	11	1	21
709	10	1	21
710	9	1	21
711	8	1	21
712	7	1	21
713	6	1	21
714	5	1	21
715	4	1	21
716	3	1	21
717	2	1	21
718	1	1	21
719	12	1	21
720	11	1	21
721	10	1	21
722	9	1	21
723	8	1	21
724	9	2	22
725	8	1	21
726	7	1	21
727	6	1	21
728	5	1	21
729	4	1	21
730	3	1	21
731	4	2	22
732	3	1	21
733	2	1	21
734	1	1	21
735	12	1	21
736	11	1	21
737	12	2	22
738	11	1	21
739	10	1	21
740	9	1	21
741	8	1	21
742	9	2	22
743	8	1	21
744	7	1	21
745	6	1	21
746	5	1	21
747	4	1	21
748	3	1	21
749	2	1	21
750	1	1	21
751	12	1	21
752	11	1	21
753	10	1	21
754	9	1	21
755	8	1	21
756	7	1	21
757	6	1	21
758	5	1	21
759	4	1	21
760	3	1	21
761	2	1	21
762	1	1	21
763	12	1	21
764	11	1	21
765	10	1	21
766	9	1	21
767	10	2	22
768	9	1	21
769	8	1	21
770	7	1	21
771	8	2	22
772	7	1	21
773	6	1	21
774	5	1	21
775	4	1	21
776	3	1	21
777	2	1	21
778	1	1	21
779	12	1	21
780	11	1	21
781	10	1	21
782	9	1	21
783	8	1	21
784	9	2	22
785	8	1	21
786	7	1	21
787	6	1	21
788	5	1	21
789	4	1	21
790	3	1	21
791	2	1	21
792	1	1	21
793	12	1	21
794	11	1	21
795	12	2	22
796	11	1	21
797	10	1	21
798	9	1	21
799	8	1	21
800	7	1	21
801	6	1	21
802	5	1	21
803	6	2	22
804	5	1	21
805	4	1	21
806	3	1	21
807	2	1	21
808	1	1	21
809	2	2	22
810	1	1	21
811	12	1	21
812	11	1	21
813	10	1	21
814	9	1	21
815	8	1	21
816	7	1	21
817	6	1	21
818	5	1	21
819	4	1	21
820	3	1	21
