1	12	1	41
2	11	1	41
3	10	1	41
4	11	2	42
5	10	1	41
6	9	1	41
7	8	1	41
8	7	1	41
9	6	1	41
10	5	1	41
11	6	2	42
12	5	1	41
13	4	1	41
14	3	1	41
15	2	1	41
16	3	2	42
17	2	1	41
18	1	1	41
19	12	1	41
20	11	1	41
21	10	1	41
22	9	1	41
23	8	1	41
24	7	1	41
25	6	1	41
26	5	1	41
27	4	1	41
28	3	1	41
29	4	2	42
30	3	1	41
31	2	1	41
32	1	1	41
33	12	1	41
34	11	1	41
35	10	1	41
36	9	1	41
37	8	1	41
38	7	1	41
39	6	1	41
40	5	1	41
41	4	1	41
42	3	1	41
43	2	1	41
44	1	1	41
45	2	2	42
46	1	1	41
47	12	1	41
48	11	1	41
49	10	1	41
50	9	1	41
51	8	1	41
52	7	1	41
53	6	1	41
54	5	1	41
55	4	1	41
56	3	1	41
57	2	1	41
58	1	1	41
59	12	1	41
60	11	1	41
61	10	1	41
62	11	2	42
63	10	1	41
64	9	1	41
65	8	1	41
66	7	1	41
67	6	1	41
68	5	1	41
69	6	2	42
70	5	1	41
71	4	1	41
72	3	1	41
73	2	1	41
74	3	2	42
75	2	1	41
76	1	1	41
77	12	1	41
78	11	1	41
79	10	1	41
80	9	1	41
81	8	1	41
82	7	1	41
83	6	1	41
84	5	1	41
85	4	1	41
86	3	1	41
87	2	1	41
88	3	2	42
89	2	1	41
90	1	1	41
91	12	1	41
92	11	1	41
93	10	1	41
94	9	1	41
95	8	1	41
96	7	1	41
97	6	1	41
98	5	1	41
99	4	1	41
100	3	1	41
101	2	1	41
102	3	2	42
103	2	1	41
104	1	1	41
105	12	1	41
106	11	1	41
107	10	1	41
108	11	2	42
109	10	1	41
110	9	1	41
111	8	1	41
112	7	1	41
113	6	1	41
114	7	2	42
115	6	1	41
116	5	1	41
117	4	1	41
118	3	1	41
119	2	1	41
120	1	1	41
121	12	1	41
122	11	1	41
123	10	1	41
124	9	1	41
125	8	1	41
126	7	1	41
127	8	2	42
128	7	1	41
129	6	1	41
130	5	1	41
131	4	1	41
132	3	1	41
133	2	1	41
134	1	1	41
135	12	1	41
136	11	1	41
137	10	1	41
138	9	1	41
139	8	1	41
140	7	1	41
141	6	1	41
142	5	1	41
143	4	1	41
144	3	1	41
145	4	2	42
146	3	1	41
147	2	1	41
148	1	1	41
149	12	1	41
150	11	1	41
151	10	1	41
152	11	2	42
153	10	1	41
154	9	1	41
155	8	1	41
156	7	1	41
157	8	2	42
158	7	1	41
159	6	1	41
160	5	1	41
161	4	1	41
162	3	1	41
163	2	1	41
164	1	1	41
165	12	1	41
166	11	1	41
167	10	1	41
168	9	1	41
169	8	1	41
170	9	2	42
171	8	1	41
172	7	1	41
173	6	1	41
174	7	2	42
175	6	1	41
176	5	1	41
177	4	1	41
178	3	1	41
179	2	1	41
180	3	2	42
181	2	1	41
182	1	1	41
183	12	1	41
184	11	1	41
185	10	1	41
186	11	2	42
187	10	1	41
188	9	1	41
189	8	1	41
190	7	1	41
191	8	2	42
192	7	1	41
193	6	1	41
194	5	1	41
195	4	1	41
196	3	1	41
197	2	1	41
198	1	1	41
199	12	1	41
200	11	1	41
201	12	2	42
202	11	1	41
203	10	1	41
204	9	1	41
205	8	1	41
206	7	1	41
207	6	1	41
208	5	1	41
209	4	1	41
210	5	2	42
211	4	1	41
212	3	1	41
213	2	1	41
214	1	1	41
215	2	2	42
216	1	1	41
217	12	1	41
218	11	1	41
219	10	1	41
220	9	1	41
221	8	1	41
222	7	1	41
223	6	1	41
224	5	1	41
225	4	1	41
226	3	1	41
227	4	2	42
228	3	1	41
229	2	1	41
230	1	1	41
231	12	1	41
232	11	1	41
233	10	1	41
234	9	1	41
235	8	1	41
236	7	1	41
237	6	1	41
238	5	1	41
239	4	1	41
240	5	2	42
241	4	1	41
242	3	1	41
243	2	1	41
244	1	1	41
245	12	1	41
246	11	1	41
247	10	1	41
248	9	1	41
249	8	1	41
250	7	1	41
251	6	1	41
252	7	2	42
253	6	1	41
254	5	1	41
255	4	1	41
256	3	1	41
257	2	1	41
258	1	1	41
259	2	2	42
260	1	1	41
261	12	1	41
262	11	1	41
263	10	1	41
264	9	1	41
265	8	1	41
266	7	1	41
267	6	1	41
268	5	1	41
269	4	1	41
270	3	1	41
271	4	2	42
272	3	1	41
273	2	1	41
274	1	1	41
275	12	1	41
276	11	1	41
277	10	1	41
278	9	1	41
279	8	1	41
280	7	1	41
281	6	1	41
282	5	1	41
283	4	1	41
284	5	2	42
285	4	1	41
286	3	1	41
287	2	1	41
288	1	1	41
289	12	1	41
290	11	1	41
291	10	1	41
292	9	1	41
293	8	1	41
294	7	1	41
295	6	1	41
296	7	2	42
297	6	1	41
298	5	1	41
299	4	1	41
300	3	1	41
301	2	1	41
302	1	1	41
303	12	1	41
304	11	1	41
305	10	1	41
306	9	1	41
307	10	2	42
308	9	1	41
309	8	1	41
310	7	1	41
311	6	1	41
312	5	1	41
313	6	2	42
314	5	1	41
315	4	1	41
316	3	1	41
317	2	1	41
318	1	1	41
319	12	1	41
320	11	1	41
321	10	1	41
322	9	1	41
323	8	1	41
324	7	1	41
325	6	1	41
326	5	1	41
327	4	1	41
328	3	1	41
329	2	1	41
330	1	1	41
331	2	2	42
332	1	1	41
333	12	1	41
334	11	1	41
335	10	1	41
336	9	1	41
337	8	1	41
338	7	1	41
339	6	1	41
340	5	1	41
341	6	2	42
342	5	1	41
343	4	1	41
344	3	1	41
345	2	1	41
346	1	1	41
347	12	1	41
348	11	1	41
349	10	1	41
350	11	2	42
351	10	1	41
352	9	1	41
353	8	1	41
354	7	1	41
355	8	2	42
356	7	1	41
357	6	1	41
358	5	1	41
359	4	1	41
360	3	1	41
361	2	1	41
362	1	1	41
363	12	1	41
364	11	1	41
365	10	1	41
366	9	1	41
367	8	1	41
368	7	1	41
369	6	1	41
370	7	2	42
371	6	1	41
372	5	1	41
373	4	1	41
374	3	1	41
375	2	1	41
376	1	1	41
377	12	1	41
378	11	1	41
379	10	1	41
380	9	1	41
381	8	1	41
382	7	1	41
383	6	1	41
384	5	1	41
385	4	1	41
386	3	1	41
387	2	1	41
388	1	1	41
389	12	1	41
390	11	1	41
391	10	1	41
392	9	1	41
393	8	1	41
394	7	1	41
395	6	1	41
396	5	1	41
397	4	1	41
398	3	1	41
399	2	1	41
400	1	1	41
401	12	1	41
402	11	1	41
403	12	2	42
404	11	1	41
405	10	1	41
406	9	1	41
407	8	1	41
408	9	2	42
409	8	1	41
410	7	1	41
411	6	1	41
412	5	1	41
413	4	1	41
414	5	2	42
415	4	1	41
416	3	1	41
417	2	1	41
418	1	1	41
419	12	1	41
420	11	1	41
421	12	2	42
422	11	1	41
423	10	1	41
424	9	1	41
425	8	1	41
426	9	2	42
427	8	1	41
428	7	1	41
429	6	1	41
430	5	1	41
431	4	1	41
432	3	1	41
433	4	2	42
434	3	1	41
435	2	1	41
436	1	1	41
437	12	1	41
438	11	1	41
439	10	1	41
440	9	1	41
441	8	1	41
442	7	1	41
443	6	1	41
444	7	2	42
445	6	1	41
446	5	1	41
447	4	1	41
448	3	1	41
449	2	1	41
450	1	1	41
451	12	1	41
452	11	1	41
453	10	1	41
454	9	1	41
455	8	1	41
456	7	1	41
457	6	1	41
458	5	1	41
459	4	1	41
460	3	1	41
461	2	1	41
462	1	1	41
463	12	1	41
464	11	1	41
465	10	1	41
466	11	2	42
467	10	1	41
468	9	1	41
469	8	1	41
470	7	1	41
471	6	1	41
472	5	1	41
473	4	1	41
474	3	1	41
475	2	1	41
476	1	1	41
477	12	1	41
478	11	1	41
479	10	1	41
480	9	1	41
481	8	1	41
482	7	1	41
483	6	1	41
484	5	1	41
485	4	1	41
486	3	1	41
487	4	2	42
488	3	1	41
489	2	1	41
490	1	1	41
491	12	1	41
492	11	1	41
493	10	1	41
494	9	1	41
495	8	1	41
496	7	1	41
497	6	1	41
498	5	1	41
499	4	1	41
500	3	1	41
501	2	1	41
502	1	1	41
503	12	1	41
504	11	1	41
505	12	2	42
506	11	1	41
507	10	1	41
508	9	1	41
509	10	2	42
510	9	1	41
511	8	1	41
512	7	1	41
513	6	1	41
514	7	2	42
515	6	1	41
516	5	1	41
517	4	1	41
518	3	1	41
519	2	1	41
520	1	1	41
521	12	1	41
522	11	1	41
523	10	1	41
524	9	1	41
525	8	1	41
526	7	1	41
527	8	2	42
528	7	1	41
529	6	1	41
530	5	1	41
531	4	1	41
532	3	1	41
533	2	1	41
534	1	1	41
535	12	1	41
536	11	1	41
537	10	1	41
538	9	1	41
539	8	1	41
540	7	1	41
541	6	1	41
542	5	1	41
543	4	1	41
544	5	2	42
545	4	1	41
546	3	1	41
547	2	1	41
548	1	1	41
549	12	1	41
550	11	1	41
551	12	2	42
552	11	1	41
553	10	1	41
554	9	1	41
555	8	1	41
556	7	1	41
557	6	1	41
558	5	1	41
559	4	1	41
560	3	1	41
561	2	1	41
562	1	1	41
563	12	1	41
564	11	1	41
565	10	1	41
566	9	1	41
567	8	1	41
568	7	1	41
569	6	1	41
570	5	1	41
571	4	1	41
572	3	1	41
573	2	1	41
574	1	1	41
575	12	1	41
576	11	1	41
577	12	2	42
578	11	1	41
579	10	1	41
580	9	1	41
581	8	1	41
582	7	1	41
583	6	1	41
584	5	1	41
585	4	1	41
586	3	1	41
587	2	1	41
588	1	1	41
589	12	1	41
590	11	1	41
591	10	1	41
592	9	1	41
593	8	1	41
594	7	1	41
595	6	1	41
596	5	1	41
597	4	1	41
598	3	1	41
599	4	2	42
600	3	1	41
601	2	1	41
602	1	1	41
603	12	1	41
604	11	1	41
605	10	1	41
606	9	1	41
607	8	1	41
608	9	2	42
609	8	1	41
610	7	1	41
611	6	1	41
612	5	1	41
613	6	2	42
614	5	1	41
615	4	1	41
616	3	1	41
617	2	1	41
618	1	1	41
619	2	2	42
620	1	1	41
621	12	1	41
622	11	1	41
623	10	1	41
624	9	1	41
625	8	1	41
626	7	1	41
627	6	1	41
628	5	1	41
629	4	1	41
630	3	1	41
631	2	1	41
632	1	1	41
633	12	1	41
634	11	1	41
635	10	1	41
636	9	1	41
637	8	1	41
638	7	1	41
639	6	1	41
640	5	1	41
641	6	2	42
642	5	1	41
643	4	1	41
644	3	1	41
645	2	1	41
646	1	1	41
647	2	2	42
648	1	1	41
649	12	1	41
650	11	1	41
651	10	1	41
652	9	1	41
653	10	2	42
654	9	1	41
655	8	1	41
656	7	1	41
657	6	1	41
658	5	1	41
659	4	1	41
660	3	1	41
661	2	1	41
662	1	1	41
663	12	1	41
664	11	1	41
665	10	1	41
666	9	1	41
667	8	1	41
668	7	1	41
669	8	2	42
670	7	1	41
671	6	1	41
672	5	1	41
673	4	1	41
674	3	1	41
675	2	1	41
676	3	2	42
677	2	1	41
678	1	1	41
679	12	1	41
680	11	1	41
681	12	2	42
682	11	1	41
683	10	1	41
684	9	1	41
685	10	2	42
686	9	1	41
687	8	1	41
688	7	1	41
689	6	1	41
690	5	1	41
691	4	1	41
692	3	1	41
693	2	1	41
694	1	1	41
695	12	1	41
696	11	1	41
697	10	1	41
698	9	1	41
699	8	1	41
700	9	2	42
701	8	1	41
702	7	1	41
703	6	1	41
704	5	1	41
705	4	1	41
706	3	1	41
707	2	1	41
708	1	1	41
709	12	1	41
710	11	1	41
711	10	1	41
712	9	1	41
713	8	1	41
714	7	1	41
715	8	2	42
716	7	1	41
717	6	1	41
718	5	1	41
719	4	1	41
720	5	2	42
721	4	1	41
722	3	1	41
723	2	1	41
724	1	1	41
725	2	2	42
726	1	1	41
727	12	1	41
728	11	1	41
729	10	1	41
730	9	1	41
731	10	2	42
732	9	1	41
733	8	1	41
734	7	1	41
735	6	1	41
736	5	1	41
737	4	1	41
738	3	1	41
739	2	1	41
740	1	1	41
741	12	1	41
742	11	1	41
743	10	1	41
744	9	1	41
745	8	1	41
746	9	2	42
747	8	1	41
748	7	1	41
749	6	1	41
750	5	1	41
751	4	1	41
752	3	1	41
753	2	1	41
754	3	2	42
755	2	1	41
756	1	1	41
757	12	1	41
758	11	1	41
759	10	1	41
760	9	1	41
761	8	1	41
762	9	2	42
763	8	1	41
764	7	1	41
765	6	1	41
766	5	1	41
767	4	1	41
768	3	1	41
769	2	1	41
770	1	1	41
771	12	1	41
772	11	1	41
773	10	1	41
774	9	1	41
775	8	1	41
776	7	1	41
777	6	1	41
778	5	1	41
779	4	1	41
780	3	1	41
781	2	1	41
782	1	1	41
783	12	1	41
784	11	1	41
785	10	1	41
786	9	1	41
787	10	2	42
788	9	1	41
789	8	1	41
790	7	1	41
791	6	1	41
792	5	1	41
793	4	1	41
794	3	1	41
795	2	1	41
796	1	1	41
797	12	1	41
798	11	1	41
799	10	1	41
800	9	1	41
801	10	2	42
802	9	1	41
803	8	1	41
804	7	1	41
805	6	1	41
806	5	1	41
807	4	1	41
808	3	1	41
809	2	1	41
810	1	1	41
811	12	1	41
812	11	1	41
813	10	1	41
814	9	1	41
815	8	1	41
816	7	1	41
817	6	1	41
818	5	1	41
819	4	1	41
820	3	1	41
