1	12	1	41
2	11	1	41
3	10	1	41
4	9	1	41
5	8	1	41
6	7	1	41
7	6	1	41
8	5	1	41
9	4	1	41
10	3	1	41
11	2	1	41
12	1	1	41
13	2	2	42
14	1	1	41
15	12	1	41
16	11	1	41
17	10	1	41
18	9	1	41
19	8	1	41
20	7	1	41
21	6	1	41
22	5	1	41
23	4	1	41
24	5	2	42
25	4	1	41
26	3	1	41
27	2	1	41
28	3	2	42
29	2	1	41
30	1	1	41
31	12	1	41
32	11	1	41
33	10	1	41
34	9	1	41
35	8	1	41
36	7	1	41
37	6	1	41
38	5	1	41
39	4	1	41
40	3	1	41
41	2	1	41
42	1	1	41
43	12	1	41
44	11	1	41
45	10	1	41
46	9	1	41
47	8	1	41
48	7	1	41
49	6	1	41
50	5	1	41
51	6	2	42
52	5	1	41
53	4	1	41
54	3	1	41
55	4	2	42
56	3	1	41
57	2	1	41
58	1	1	41
59	12	1	41
60	11	1	41
61	12	2	42
62	11	1	41
63	10	1	41
64	9	1	41
65	8	1	41
66	7	1	41
67	6	1	41
68	5	1	41
69	4	1	41
70	5	2	42
71	4	1	41
72	3	1	41
73	2	1	41
74	1	1	41
75	12	1	41
76	11	1	41
77	10	1	41
78	9	1	41
79	10	2	42
80	9	1	41
81	8	1	41
82	7	1	41
83	6	1	41
84	5	1	41
85	4	1	41
86	5	2	42
87	4	1	41
88	3	1	41
89	2	1	41
90	1	1	41
91	12	1	41
92	11	1	41
93	10	1	41
94	9	1	41
95	8	1	41
96	7	1	41
97	6	1	41
98	5	1	41
99	4	1	41
100	3	1	41
101	2	1	41
102	1	1	41
103	2	2	42
104	1	1	41
105	12	1	41
106	11	1	41
107	10	1	41
108	9	1	41
109	8	1	41
110	7	1	41
111	6	1	41
112	5	1	41
113	4	1	41
114	3	1	41
115	2	1	41
116	1	1	41
117	12	1	41
118	11	1	41
119	10	1	41
120	9	1	41
121	8	1	41
122	7	1	41
123	6	1	41
124	5	1	41
125	6	2	42
126	5	1	41
127	4	1	41
128	3	1	41
129	2	1	41
130	1	1	41
131	12	1	41
132	11	1	41
133	10	1	41
134	9	1	41
135	8	1	41
136	7	1	41
137	6	1	41
138	5	1	41
139	4	1	41
140	3	1	41
141	2	1	41
142	1	1	41
143	12	1	41
144	11	1	41
145	10	1	41
146	9	1	41
147	8	1	41
148	7	1	41
149	6	1	41
150	5	1	41
151	4	1	41
152	3	1	41
153	2	1	41
154	3	2	42
155	2	1	41
156	1	1	41
157	12	1	41
158	11	1	41
159	10	1	41
160	9	1	41
161	8	1	41
162	7	1	41
163	6	1	41
164	7	2	42
165	6	1	41
166	5	1	41
167	4	1	41
168	3	1	41
169	2	1	41
170	1	1	41
171	12	1	41
172	11	1	41
173	10	1	41
174	11	2	42
175	10	1	41
176	9	1	41
177	8	1	41
178	7	1	41
179	6	1	41
180	5	1	41
181	4	1	41
182	3	1	41
183	2	1	41
184	1	1	41
185	12	1	41
186	11	1	41
187	10	1	41
188	9	1	41
189	8	1	41
190	7	1	41
191	6	1	41
192	7	2	42
193	6	1	41
194	5	1	41
195	4	1	41
196	3	1	41
197	4	2	42
198	3	1	41
199	2	1	41
200	1	1	41
201	12	1	41
202	11	1	41
203	10	1	41
204	9	1	41
205	8	1	41
206	9	2	42
207	8	1	41
208	7	1	41
209	6	1	41
210	5	1	41
211	4	1	41
212	5	2	42
213	4	1	41
214	3	1	41
215	2	1	41
216	1	1	41
217	12	1	41
218	11	1	41
219	10	1	41
220	9	1	41
221	8	1	41
222	9	2	42
223	8	1	41
224	7	1	41
225	6	1	41
226	5	1	41
227	4	1	41
228	3	1	41
229	2	1	41
230	1	1	41
231	2	2	42
232	1	1	41
233	12	1	41
234	11	1	41
235	10	1	41
236	9	1	41
237	8	1	41
238	7	1	41
239	6	1	41
240	5	1	41
241	4	1	41
242	3	1	41
243	2	1	41
244	1	1	41
245	12	1	41
246	11	1	41
247	10	1	41
248	9	1	41
249	10	2	42
250	9	1	41
251	8	1	41
252	7	1	41
253	8	2	42
254	7	1	41
255	6	1	41
256	5	1	41
257	4	1	41
258	3	1	41
259	2	1	41
260	1	1	41
261	2	2	42
262	1	1	41
263	12	1	41
264	11	1	41
265	10	1	41
266	9	1	41
267	8	1	41
268	7	1	41
269	6	1	41
270	5	1	41
271	4	1	41
272	3	1	41
273	2	1	41
274	1	1	41
275	12	1	41
276	11	1	41
277	10	1	41
278	9	1	41
279	8	1	41
280	7	1	41
281	6	1	41
282	5	1	41
283	4	1	41
284	5	2	42
285	4	1	41
286	3	1	41
287	2	1	41
288	1	1	41
289	12	1	41
290	11	1	41
291	10	1	41
292	9	1	41
293	8	1	41
294	7	1	41
295	6	1	41
296	5	1	41
297	4	1	41
298	3	1	41
299	2	1	41
300	1	1	41
301	12	1	41
302	11	1	41
303	12	2	42
304	11	1	41
305	10	1	41
306	9	1	41
307	8	1	41
308	7	1	41
309	6	1	41
310	5	1	41
311	4	1	41
312	3	1	41
313	2	1	41
314	1	1	41
315	12	1	41
316	11	1	41
317	10	1	41
318	9	1	41
319	8	1	41
320	7	1	41
321	6	1	41
322	7	2	42
323	6	1	41
324	5	1	41
325	4	1	41
326	3	1	41
327	2	1	41
328	1	1	41
329	12	1	41
330	11	1	41
331	12	2	42
332	11	1	41
333	10	1	41
334	9	1	41
335	8	1	41
336	7	1	41
337	6	1	41
338	5	1	41
339	4	1	41
340	3	1	41
341	4	2	42
342	3	1	41
343	2	1	41
344	1	1	41
345	12	1	41
346	11	1	41
347	10	1	41
348	9	1	41
349	8	1	41
350	7	1	41
351	6	1	41
352	5	1	41
353	6	2	42
354	5	1	41
355	4	1	41
356	3	1	41
357	2	1	41
358	1	1	41
359	12	1	41
360	11	1	41
361	10	1	41
362	9	1	41
363	10	2	42
364	9	1	41
365	8	1	41
366	7	1	41
367	6	1	41
368	7	2	42
369	6	1	41
370	5	1	41
371	4	1	41
372	5	2	42
373	4	1	41
374	3	1	41
375	2	1	41
376	1	1	41
377	12	1	41
378	11	1	41
379	10	1	41
380	9	1	41
381	8	1	41
382	7	1	41
383	6	1	41
384	5	1	41
385	6	2	42
386	5	1	41
387	4	1	41
388	3	1	41
389	2	1	41
390	1	1	41
391	12	1	41
392	11	1	41
393	10	1	41
394	9	1	41
395	8	1	41
396	7	1	41
397	6	1	41
398	5	1	41
399	4	1	41
400	3	1	41
401	2	1	41
402	3	2	42
403	2	1	41
404	1	1	41
405	12	1	41
406	11	1	41
407	10	1	41
408	9	1	41
409	8	1	41
410	7	1	41
411	6	1	41
412	5	1	41
413	4	1	41
414	3	1	41
415	2	1	41
416	1	1	41
417	12	1	41
418	11	1	41
419	10	1	41
420	9	1	41
421	8	1	41
422	7	1	41
423	6	1	41
424	5	1	41
425	4	1	41
426	3	1	41
427	2	1	41
428	3	2	42
429	2	1	41
430	1	1	41
431	12	1	41
432	11	1	41
433	10	1	41
434	9	1	41
435	10	2	42
436	9	1	41
437	8	1	41
438	7	1	41
439	6	1	41
440	5	1	41
441	4	1	41
442	3	1	41
443	2	1	41
444	1	1	41
445	12	1	41
446	11	1	41
447	10	1	41
448	9	1	41
449	8	1	41
450	7	1	41
451	8	2	42
452	7	1	41
453	6	1	41
454	5	1	41
455	4	1	41
456	3	1	41
457	2	1	41
458	1	1	41
459	12	1	41
460	11	1	41
461	10	1	41
462	9	1	41
463	10	2	42
464	9	1	41
465	8	1	41
466	7	1	41
467	6	1	41
468	5	1	41
469	4	1	41
470	3	1	41
471	2	1	41
472	3	2	42
473	2	1	41
474	1	1	41
475	12	1	41
476	11	1	41
477	12	2	42
478	11	1	41
479	10	1	41
480	9	1	41
481	8	1	41
482	7	1	41
483	8	2	42
484	7	1	41
485	6	1	41
486	5	1	41
487	4	1	41
488	3	1	41
489	2	1	41
490	1	1	41
491	12	1	41
492	11	1	41
493	10	1	41
494	9	1	41
495	8	1	41
496	7	1	41
497	6	1	41
498	5	1	41
499	4	1	41
500	3	1	41
501	2	1	41
502	1	1	41
503	12	1	41
504	11	1	41
505	10	1	41
506	11	2	42
507	10	1	41
508	9	1	41
509	8	1	41
510	7	1	41
511	6	1	41
512	7	2	42
513	6	1	41
514	5	1	41
515	4	1	41
516	3	1	41
517	2	1	41
518	1	1	41
519	12	1	41
520	11	1	41
521	10	1	41
522	9	1	41
523	8	1	41
524	7	1	41
525	6	1	41
526	7	2	42
527	6	1	41
528	5	1	41
529	4	1	41
530	3	1	41
531	4	2	42
532	3	1	41
533	2	1	41
534	1	1	41
535	12	1	41
536	11	1	41
537	10	1	41
538	9	1	41
539	8	1	41
540	7	1	41
541	8	2	42
542	7	1	41
543	6	1	41
544	5	1	41
545	4	1	41
546	3	1	41
547	2	1	41
548	1	1	41
549	12	1	41
550	11	1	41
551	12	2	42
552	11	1	41
553	10	1	41
554	9	1	41
555	8	1	41
556	7	1	41
557	6	1	41
558	5	1	41
559	4	1	41
560	3	1	41
561	2	1	41
562	1	1	41
563	12	1	41
564	11	1	41
565	12	2	42
566	11	1	41
567	10	1	41
568	9	1	41
569	10	2	42
570	9	1	41
571	8	1	41
572	7	1	41
573	6	1	41
574	5	1	41
575	4	1	41
576	3	1	41
577	2	1	41
578	3	2	42
579	2	1	41
580	1	1	41
581	12	1	41
582	11	1	41
583	10	1	41
584	9	1	41
585	8	1	41
586	7	1	41
587	8	2	42
588	7	1	41
589	6	1	41
590	5	1	41
591	4	1	41
592	3	1	41
593	2	1	41
594	1	1	41
595	12	1	41
596	11	1	41
597	10	1	41
598	11	2	42
599	10	1	41
600	9	1	41
601	8	1	41
602	9	2	42
603	8	1	41
604	7	1	41
605	6	1	41
606	5	1	41
607	4	1	41
608	3	1	41
609	2	1	41
610	1	1	41
611	2	2	42
612	1	1	41
613	12	1	41
614	11	1	41
615	10	1	41
616	9	1	41
617	8	1	41
618	7	1	41
619	6	1	41
620	5	1	41
621	6	2	42
622	5	1	41
623	4	1	41
624	3	1	41
625	4	2	42
626	3	1	41
627	2	1	41
628	1	1	41
629	12	1	41
630	11	1	41
631	10	1	41
632	11	2	42
633	10	1	41
634	9	1	41
635	8	1	41
636	7	1	41
637	8	2	42
638	7	1	41
639	6	1	41
640	5	1	41
641	6	2	42
642	5	1	41
643	4	1	41
644	3	1	41
645	2	1	41
646	1	1	41
647	12	1	41
648	11	1	41
649	10	1	41
650	9	1	41
651	10	2	42
652	9	1	41
653	8	1	41
654	7	1	41
655	6	1	41
656	5	1	41
657	4	1	41
658	3	1	41
659	2	1	41
660	1	1	41
661	12	1	41
662	11	1	41
663	10	1	41
664	11	2	42
665	10	1	41
666	9	1	41
667	8	1	41
668	7	1	41
669	6	1	41
670	5	1	41
671	4	1	41
672	3	1	41
673	2	1	41
674	1	1	41
675	12	1	41
676	11	1	41
677	10	1	41
678	9	1	41
679	8	1	41
680	7	1	41
681	6	1	41
682	7	2	42
683	6	1	41
684	5	1	41
685	4	1	41
686	3	1	41
687	2	1	41
688	1	1	41
689	2	2	42
690	1	1	41
691	12	1	41
692	11	1	41
693	10	1	41
694	11	2	42
695	10	1	41
696	9	1	41
697	8	1	41
698	7	1	41
699	8	2	42
700	7	1	41
701	6	1	41
702	5	1	41
703	4	1	41
704	3	1	41
705	2	1	41
706	1	1	41
707	2	2	42
708	1	1	41
709	12	1	41
710	11	1	41
711	12	2	42
712	11	1	41
713	10	1	41
714	9	1	41
715	8	1	41
716	9	2	42
717	8	1	41
718	7	1	41
719	6	1	41
720	5	1	41
721	4	1	41
722	3	1	41
723	2	1	41
724	1	1	41
725	12	1	41
726	11	1	41
727	10	1	41
728	9	1	41
729	8	1	41
730	7	1	41
731	6	1	41
732	5	1	41
733	4	1	41
734	3	1	41
735	4	2	42
736	3	1	41
737	2	1	41
738	1	1	41
739	12	1	41
740	11	1	41
741	10	1	41
742	9	1	41
743	8	1	41
744	9	2	42
745	8	1	41
746	7	1	41
747	6	1	41
748	5	1	41
749	4	1	41
750	5	2	42
751	4	1	41
752	3	1	41
753	2	1	41
754	1	1	41
755	12	1	41
756	11	1	41
757	10	1	41
758	9	1	41
759	8	1	41
760	7	1	41
761	6	1	41
762	5	1	41
763	4	1	41
764	3	1	41
765	2	1	41
766	1	1	41
767	12	1	41
768	11	1	41
769	10	1	41
770	11	2	42
771	10	1	41
772	9	1	41
773	8	1	41
774	7	1	41
775	6	1	41
776	5	1	41
777	4	1	41
778	3	1	41
779	2	1	41
780	1	1	41
781	12	1	41
782	11	1	41
783	10	1	41
784	9	1	41
785	8	1	41
786	7	1	41
787	6	1	41
788	5	1	41
789	4	1	41
790	3	1	41
791	2	1	41
792	3	2	42
793	2	1	41
794	1	1	41
795	12	1	41
796	11	1	41
797	10	1	41
798	9	1	41
799	8	1	41
800	9	2	42
801	8	1	41
802	7	1	41
803	6	1	41
804	5	1	41
805	6	2	42
806	5	1	41
807	4	1	41
808	3	1	41
809	2	1	41
810	1	1	41
811	12	1	41
812	11	1	41
813	10	1	41
814	9	1	41
815	8	1	41
816	7	1	41
817	6	1	41
818	5	1	41
819	4	1	41
820	3	1	41
