1	12	1	41
2	11	1	41
3	10	1	41
4	9	1	41
5	8	1	41
6	7	1	41
7	6	1	41
8	5	1	41
9	4	1	41
10	3	1	41
11	2	1	41
12	1	1	41
13	2	2	42
14	1	1	41
15	12	1	41
16	11	1	41
17	10	1	41
18	9	1	41
19	8	1	41
20	7	1	41
21	8	2	42
22	7	1	41
23	6	1	41
24	5	1	41
25	4	1	41
26	3	1	41
27	2	1	41
28	1	1	41
29	2	2	42
30	1	1	41
31	12	1	41
32	11	1	41
33	10	1	41
34	9	1	41
35	8	1	41
36	7	1	41
37	6	1	41
38	5	1	41
39	4	1	41
40	3	1	41
41	2	1	41
42	3	2	42
43	2	1	41
44	1	1	41
45	12	1	41
46	11	1	41
47	10	1	41
48	9	1	41
49	8	1	41
50	7	1	41
51	6	1	41
52	5	1	41
53	4	1	41
54	5	2	42
55	4	1	41
56	3	1	41
57	2	1	41
58	1	1	41
59	12	1	41
60	11	1	41
61	10	1	41
62	9	1	41
63	10	2	42
64	9	1	41
65	8	1	41
66	7	1	41
67	6	1	41
68	5	1	41
69	4	1	41
70	3	1	41
71	2	1	41
72	1	1	41
73	12	1	41
74	11	1	41
75	10	1	41
76	11	2	42
77	10	1	41
78	9	1	41
79	8	1	41
80	7	1	41
81	6	1	41
82	5	1	41
83	4	1	41
84	3	1	41
85	2	1	41
86	1	1	41
87	12	1	41
88	11	1	41
89	10	1	41
90	9	1	41
91	8	1	41
92	7	1	41
93	6	1	41
94	5	1	41
95	4	1	41
96	3	1	41
97	2	1	41
98	1	1	41
99	12	1	41
100	11	1	41
101	10	1	41
102	9	1	41
103	8	1	41
104	7	1	41
105	6	1	41
106	5	1	41
107	4	1	41
108	5	2	42
109	4	1	41
110	3	1	41
111	2	1	41
112	1	1	41
113	12	1	41
114	11	1	41
115	10	1	41
116	9	1	41
117	8	1	41
118	9	2	42
119	8	1	41
120	7	1	41
121	6	1	41
122	5	1	41
123	4	1	41
124	3	1	41
125	2	1	41
126	3	2	42
127	2	1	41
128	1	1	41
129	12	1	41
130	11	1	41
131	10	1	41
132	9	1	41
133	10	2	42
134	9	1	41
135	8	1	41
136	7	1	41
137	6	1	41
138	5	1	41
139	4	1	41
140	5	2	42
141	4	1	41
142	3	1	41
143	2	1	41
144	1	1	41
145	2	2	42
146	1	1	41
147	12	1	41
148	11	1	41
149	10	1	41
150	9	1	41
151	8	1	41
152	7	1	41
153	6	1	41
154	5	1	41
155	4	1	41
156	5	2	42
157	4	1	41
158	3	1	41
159	2	1	41
160	1	1	41
161	12	1	41
162	11	1	41
163	10	1	41
164	9	1	41
165	10	2	42
166	9	1	41
167	8	1	41
168	7	1	41
169	6	1	41
170	5	1	41
171	4	1	41
172	3	1	41
173	4	2	42
174	3	1	41
175	2	1	41
176	1	1	41
177	12	1	41
178	11	1	41
179	10	1	41
180	11	2	42
181	10	1	41
182	9	1	41
183	8	1	41
184	9	2	42
185	8	1	41
186	7	1	41
187	6	1	41
188	7	2	42
189	6	1	41
190	5	1	41
191	4	1	41
192	3	1	41
193	2	1	41
194	1	1	41
195	12	1	41
196	11	1	41
197	10	1	41
198	9	1	41
199	8	1	41
200	7	1	41
201	6	1	41
202	5	1	41
203	4	1	41
204	5	2	42
205	4	1	41
206	3	1	41
207	2	1	41
208	1	1	41
209	2	2	42
210	1	1	41
211	12	1	41
212	11	1	41
213	10	1	41
214	9	1	41
215	8	1	41
216	7	1	41
217	6	1	41
218	5	1	41
219	4	1	41
220	3	1	41
221	2	1	41
222	1	1	41
223	12	1	41
224	11	1	41
225	10	1	41
226	9	1	41
227	8	1	41
228	7	1	41
229	6	1	41
230	5	1	41
231	4	1	41
232	3	1	41
233	4	2	42
234	3	1	41
235	2	1	41
236	1	1	41
237	12	1	41
238	11	1	41
239	10	1	41
240	9	1	41
241	8	1	41
242	7	1	41
243	6	1	41
244	7	2	42
245	6	1	41
246	5	1	41
247	4	1	41
248	3	1	41
249	2	1	41
250	1	1	41
251	12	1	41
252	11	1	41
253	10	1	41
254	9	1	41
255	8	1	41
256	7	1	41
257	6	1	41
258	5	1	41
259	4	1	41
260	3	1	41
261	2	1	41
262	3	2	42
263	2	1	41
264	1	1	41
265	12	1	41
266	11	1	41
267	10	1	41
268	9	1	41
269	8	1	41
270	7	1	41
271	8	2	42
272	7	1	41
273	6	1	41
274	5	1	41
275	4	1	41
276	3	1	41
277	2	1	41
278	1	1	41
279	12	1	41
280	11	1	41
281	10	1	41
282	9	1	41
283	8	1	41
284	7	1	41
285	6	1	41
286	5	1	41
287	6	2	42
288	5	1	41
289	4	1	41
290	3	1	41
291	2	1	41
292	1	1	41
293	12	1	41
294	11	1	41
295	12	2	42
296	11	1	41
297	10	1	41
298	9	1	41
299	8	1	41
300	7	1	41
301	6	1	41
302	5	1	41
303	6	2	42
304	5	1	41
305	4	1	41
306	3	1	41
307	2	1	41
308	1	1	41
309	12	1	41
310	11	1	41
311	10	1	41
312	9	1	41
313	8	1	41
314	7	1	41
315	6	1	41
316	7	2	42
317	6	1	41
318	5	1	41
319	4	1	41
320	3	1	41
321	2	1	41
322	1	1	41
323	2	2	42
324	1	1	41
325	12	1	41
326	11	1	41
327	10	1	41
328	9	1	41
329	8	1	41
330	7	1	41
331	8	2	42
332	7	1	41
333	6	1	41
334	5	1	41
335	4	1	41
336	5	2	42
337	4	1	41
338	3	1	41
339	2	1	41
340	3	2	42
341	2	1	41
342	1	1	41
343	12	1	41
344	11	1	41
345	10	1	41
346	9	1	41
347	10	2	42
348	9	1	41
349	8	1	41
350	7	1	41
351	6	1	41
352	5	1	41
353	4	1	41
354	3	1	41
355	2	1	41
356	1	1	41
357	12	1	41
358	11	1	41
359	12	2	42
360	11	1	41
361	10	1	41
362	9	1	41
363	8	1	41
364	7	1	41
365	8	2	42
366	7	1	41
367	6	1	41
368	5	1	41
369	4	1	41
370	3	1	41
371	4	2	42
372	3	1	41
373	2	1	41
374	1	1	41
375	12	1	41
376	11	1	41
377	10	1	41
378	9	1	41
379	8	1	41
380	7	1	41
381	6	1	41
382	7	2	42
383	6	1	41
384	5	1	41
385	4	1	41
386	3	1	41
387	2	1	41
388	1	1	41
389	12	1	41
390	11	1	41
391	10	1	41
392	9	1	41
393	8	1	41
394	7	1	41
395	6	1	41
396	5	1	41
397	4	1	41
398	3	1	41
399	4	2	42
400	3	1	41
401	2	1	41
402	1	1	41
403	12	1	41
404	11	1	41
405	10	1	41
406	9	1	41
407	8	1	41
408	7	1	41
409	6	1	41
410	5	1	41
411	4	1	41
412	3	1	41
413	2	1	41
414	1	1	41
415	12	1	41
416	11	1	41
417	10	1	41
418	11	2	42
419	10	1	41
420	9	1	41
421	8	1	41
422	9	2	42
423	8	1	41
424	7	1	41
425	6	1	41
426	5	1	41
427	4	1	41
428	3	1	41
429	2	1	41
430	3	2	42
431	2	1	41
432	1	1	41
433	12	1	41
434	11	1	41
435	12	2	42
436	11	1	41
437	10	1	41
438	9	1	41
439	8	1	41
440	7	1	41
441	6	1	41
442	5	1	41
443	4	1	41
444	3	1	41
445	4	2	42
446	3	1	41
447	2	1	41
448	1	1	41
449	12	1	41
450	11	1	41
451	10	1	41
452	9	1	41
453	10	2	42
454	9	1	41
455	8	1	41
456	7	1	41
457	6	1	41
458	5	1	41
459	4	1	41
460	3	1	41
461	2	1	41
462	3	2	42
463	2	1	41
464	1	1	41
465	12	1	41
466	11	1	41
467	10	1	41
468	9	1	41
469	8	1	41
470	7	1	41
471	6	1	41
472	5	1	41
473	4	1	41
474	5	2	42
475	4	1	41
476	3	1	41
477	2	1	41
478	1	1	41
479	12	1	41
480	11	1	41
481	10	1	41
482	9	1	41
483	8	1	41
484	7	1	41
485	6	1	41
486	5	1	41
487	4	1	41
488	3	1	41
489	2	1	41
490	1	1	41
491	12	1	41
492	11	1	41
493	10	1	41
494	9	1	41
495	8	1	41
496	7	1	41
497	6	1	41
498	5	1	41
499	4	1	41
500	3	1	41
501	2	1	41
502	1	1	41
503	12	1	41
504	11	1	41
505	10	1	41
506	9	1	41
507	8	1	41
508	7	1	41
509	6	1	41
510	5	1	41
511	6	2	42
512	5	1	41
513	4	1	41
514	3	1	41
515	4	2	42
516	3	1	41
517	2	1	41
518	1	1	41
519	12	1	41
520	11	1	41
521	10	1	41
522	11	2	42
523	10	1	41
524	9	1	41
525	8	1	41
526	7	1	41
527	6	1	41
528	5	1	41
529	4	1	41
530	3	1	41
531	2	1	41
532	1	1	41
533	12	1	41
534	11	1	41
535	10	1	41
536	9	1	41
537	8	1	41
538	7	1	41
539	8	2	42
540	7	1	41
541	6	1	41
542	5	1	41
543	4	1	41
544	3	1	41
545	2	1	41
546	3	2	42
547	2	1	41
548	1	1	41
549	12	1	41
550	11	1	41
551	10	1	41
552	9	1	41
553	8	1	41
554	9	2	42
555	8	1	41
556	7	1	41
557	6	1	41
558	5	1	41
559	4	1	41
560	3	1	41
561	2	1	41
562	1	1	41
563	12	1	41
564	11	1	41
565	10	1	41
566	9	1	41
567	8	1	41
568	7	1	41
569	8	2	42
570	7	1	41
571	6	1	41
572	5	1	41
573	4	1	41
574	3	1	41
575	2	1	41
576	1	1	41
577	12	1	41
578	11	1	41
579	12	2	42
580	11	1	41
581	10	1	41
582	9	1	41
583	8	1	41
584	9	2	42
585	8	1	41
586	7	1	41
587	6	1	41
588	5	1	41
589	6	2	42
590	5	1	41
591	4	1	41
592	3	1	41
593	2	1	41
594	1	1	41
595	12	1	41
596	11	1	41
597	10	1	41
598	9	1	41
599	8	1	41
600	7	1	41
601	6	1	41
602	5	1	41
603	4	1	41
604	3	1	41
605	2	1	41
606	1	1	41
607	2	2	42
608	1	1	41
609	12	1	41
610	11	1	41
611	10	1	41
612	9	1	41
613	8	1	41
614	7	1	41
615	6	1	41
616	5	1	41
617	6	2	42
618	5	1	41
619	4	1	41
620	3	1	41
621	2	1	41
622	1	1	41
623	12	1	41
624	11	1	41
625	10	1	41
626	9	1	41
627	8	1	41
628	9	2	42
629	8	1	41
630	7	1	41
631	6	1	41
632	5	1	41
633	4	1	41
634	3	1	41
635	2	1	41
636	1	1	41
637	12	1	41
638	11	1	41
639	10	1	41
640	9	1	41
641	8	1	41
642	7	1	41
643	6	1	41
644	5	1	41
645	4	1	41
646	3	1	41
647	2	1	41
648	1	1	41
649	12	1	41
650	11	1	41
651	12	2	42
652	11	1	41
653	10	1	41
654	9	1	41
655	8	1	41
656	7	1	41
657	6	1	41
658	7	2	42
659	6	1	41
660	5	1	41
661	4	1	41
662	3	1	41
663	2	1	41
664	1	1	41
665	2	2	42
666	1	1	41
667	12	1	41
668	11	1	41
669	10	1	41
670	9	1	41
671	8	1	41
672	7	1	41
673	6	1	41
674	5	1	41
675	4	1	41
676	3	1	41
677	2	1	41
678	1	1	41
679	12	1	41
680	11	1	41
681	10	1	41
682	11	2	42
683	10	1	41
684	9	1	41
685	8	1	41
686	7	1	41
687	6	1	41
688	5	1	41
689	4	1	41
690	3	1	41
691	2	1	41
692	1	1	41
693	12	1	41
694	11	1	41
695	10	1	41
696	9	1	41
697	8	1	41
698	7	1	41
699	6	1	41
700	5	1	41
701	4	1	41
702	3	1	41
703	2	1	41
704	1	1	41
705	12	1	41
706	11	1	41
707	12	2	42
708	11	1	41
709	10	1	41
710	9	1	41
711	8	1	41
712	7	1	41
713	6	1	41
714	5	1	41
715	4	1	41
716	3	1	41
717	2	1	41
718	1	1	41
719	12	1	41
720	11	1	41
721	10	1	41
722	9	1	41
723	8	1	41
724	7	1	41
725	6	1	41
726	5	1	41
727	4	1	41
728	3	1	41
729	2	1	41
730	1	1	41
731	12	1	41
732	11	1	41
733	10	1	41
734	9	1	41
735	10	2	42
736	9	1	41
737	8	1	41
738	7	1	41
739	6	1	41
740	7	2	42
741	6	1	41
742	5	1	41
743	4	1	41
744	3	1	41
745	4	2	42
746	3	1	41
747	2	1	41
748	1	1	41
749	12	1	41
750	11	1	41
751	10	1	41
752	9	1	41
753	8	1	41
754	9	2	42
755	8	1	41
756	7	1	41
757	6	1	41
758	5	1	41
759	6	2	42
760	5	1	41
761	4	1	41
762	3	1	41
763	2	1	41
764	1	1	41
765	12	1	41
766	11	1	41
767	10	1	41
768	11	2	42
769	10	1	41
770	9	1	41
771	8	1	41
772	7	1	41
773	6	1	41
774	7	2	42
775	6	1	41
776	5	1	41
777	4	1	41
778	3	1	41
779	2	1	41
780	1	1	41
781	12	1	41
782	11	1	41
783	10	1	41
784	11	2	42
785	10	1	41
786	9	1	41
787	8	1	41
788	7	1	41
789	6	1	41
790	5	1	41
791	4	1	41
792	3	1	41
793	2	1	41
794	1	1	41
795	12	1	41
796	11	1	41
797	10	1	41
798	9	1	41
799	8	1	41
800	7	1	41
801	8	2	42
802	7	1	41
803	6	1	41
804	5	1	41
805	6	2	42
806	5	1	41
807	4	1	41
808	3	1	41
809	2	1	41
810	1	1	41
811	12	1	41
812	11	1	41
813	10	1	41
814	9	1	41
815	8	1	41
816	7	1	41
817	6	1	41
818	5	1	41
819	4	1	41
820	3	1	41
