1	12	1	21
2	11	1	21
3	10	1	21
4	9	1	21
5	8	1	21
6	7	1	21
7	6	1	21
8	7	2	22
9	6	1	21
10	5	1	21
11	4	1	21
12	3	1	21
13	2	1	21
14	1	1	21
15	12	1	21
16	11	1	21
17	10	1	21
18	9	1	21
19	8	1	21
20	7	1	21
21	6	1	21
22	5	1	21
23	4	1	21
24	3	1	21
25	2	1	21
26	1	1	21
27	12	1	21
28	1	2	22
29	12	1	21
30	11	1	21
31	10	1	21
32	11	2	22
33	10	1	21
34	9	1	21
35	8	1	21
36	7	1	21
37	6	1	21
38	5	1	21
39	4	1	21
40	3	1	21
41	2	1	21
42	1	1	21
43	12	1	21
44	11	1	21
45	10	1	21
46	9	1	21
47	8	1	21
48	7	1	21
49	6	1	21
50	5	1	21
51	4	1	21
52	3	1	21
53	2	1	21
54	1	1	21
55	12	1	21
56	11	1	21
57	10	1	21
58	9	1	21
59	10	2	22
60	9	1	21
61	8	1	21
62	7	1	21
63	6	1	21
64	5	1	21
65	4	1	21
66	3	1	21
67	2	1	21
68	1	1	21
69	12	1	21
70	11	1	21
71	10	1	21
72	9	1	21
73	8	1	21
74	7	1	21
75	6	1	21
76	5	1	21
77	4	1	21
78	3	1	21
79	2	1	21
80	1	1	21
81	12	1	21
82	11	1	21
83	10	1	21
84	9	1	21
85	10	2	22
86	9	1	21
87	8	1	21
88	7	1	21
89	6	1	21
90	5	1	21
91	4	1	21
92	3	1	21
93	2	1	21
94	1	1	21
95	2	2	22
96	1	1	21
97	12	1	21
98	11	1	21
99	10	1	21
100	9	1	21
101	8	1	21
102	7	1	21
103	6	1	21
104	5	1	21
105	4	1	21
106	5	2	22
107	4	1	21
108	3	1	21
109	2	1	21
110	1	1	21
111	12	1	21
112	11	1	21
113	10	1	21
114	9	1	21
115	10	2	22
116	9	1	21
117	8	1	21
118	7	1	21
119	6	1	21
120	5	1	21
121	4	1	21
122	3	1	21
123	4	2	22
124	3	1	21
125	2	1	21
126	1	1	21
127	12	1	21
128	11	1	21
129	10	1	21
130	9	1	21
131	8	1	21
132	7	1	21
133	6	1	21
134	5	1	21
135	4	1	21
136	3	1	21
137	2	1	21
138	1	1	21
139	12	1	21
140	11	1	21
141	10	1	21
142	9	1	21
143	10	2	22
144	9	1	21
145	8	1	21
146	7	1	21
147	6	1	21
148	7	2	22
149	6	1	21
150	5	1	21
151	4	1	21
152	3	1	21
153	2	1	21
154	1	1	21
155	12	1	21
156	11	1	21
157	10	1	21
158	9	1	21
159	8	1	21
160	9	2	22
161	8	1	21
162	7	1	21
163	6	1	21
164	7	2	22
165	6	1	21
166	5	1	21
167	4	1	21
168	5	2	22
169	4	1	21
170	3	1	21
171	2	1	21
172	1	1	21
173	2	2	22
174	1	1	21
175	12	1	21
176	11	1	21
177	10	1	21
178	9	1	21
179	8	1	21
180	7	1	21
181	8	2	22
182	7	1	21
183	6	1	21
184	5	1	21
185	4	1	21
186	3	1	21
187	4	2	22
188	3	1	21
189	2	1	21
190	1	1	21
191	12	1	21
192	11	1	21
193	12	2	22
194	11	1	21
195	10	1	21
196	9	1	21
197	8	1	21
198	7	1	21
199	6	1	21
200	5	1	21
201	4	1	21
202	3	1	21
203	2	1	21
204	1	1	21
205	12	1	21
206	1	2	22
207	12	1	21
208	11	1	21
209	10	1	21
210	9	1	21
211	10	2	22
212	9	1	21
213	8	1	21
214	7	1	21
215	8	2	22
216	7	1	21
217	6	1	21
218	5	1	21
219	4	1	21
220	5	2	22
221	4	1	21
222	3	1	21
223	2	1	21
224	1	1	21
225	12	1	21
226	11	1	21
227	10	1	21
228	11	2	22
229	10	1	21
230	9	1	21
231	8	1	21
232	7	1	21
233	6	1	21
234	5	1	21
235	4	1	21
236	3	1	21
237	2	1	21
238	3	2	22
239	2	1	21
240	1	1	21
241	12	1	21
242	11	1	21
243	10	1	21
244	11	2	22
245	10	1	21
246	9	1	21
247	8	1	21
248	7	1	21
249	6	1	21
250	5	1	21
251	4	1	21
252	3	1	21
253	2	1	21
254	1	1	21
255	12	1	21
256	11	1	21
257	10	1	21
258	11	2	22
259	10	1	21
260	9	1	21
261	8	1	21
262	9	2	22
263	8	1	21
264	7	1	21
265	6	1	21
266	5	1	21
267	4	1	21
268	3	1	21
269	2	1	21
270	3	2	22
271	2	1	21
272	1	1	21
273	12	1	21
274	11	1	21
275	10	1	21
276	9	1	21
277	8	1	21
278	7	1	21
279	6	1	21
280	5	1	21
281	4	1	21
282	3	1	21
283	4	2	22
284	3	1	21
285	2	1	21
286	1	1	21
287	12	1	21
288	11	1	21
289	10	1	21
290	9	1	21
291	8	1	21
292	7	1	21
293	6	1	21
294	5	1	21
295	4	1	21
296	3	1	21
297	2	1	21
298	1	1	21
299	12	1	21
300	1	2	22
301	12	1	21
302	11	1	21
303	10	1	21
304	9	1	21
305	8	1	21
306	7	1	21
307	8	2	22
308	7	1	21
309	6	1	21
310	5	1	21
311	4	1	21
312	3	1	21
313	2	1	21
314	1	1	21
315	12	1	21
316	11	1	21
317	10	1	21
318	9	1	21
319	8	1	21
320	7	1	21
321	6	1	21
322	5	1	21
323	4	1	21
324	3	1	21
325	2	1	21
326	1	1	21
327	12	1	21
328	11	1	21
329	10	1	21
330	9	1	21
331	8	1	21
332	7	1	21
333	6	1	21
334	5	1	21
335	4	1	21
336	3	1	21
337	2	1	21
338	1	1	21
339	12	1	21
340	11	1	21
341	12	2	22
342	11	1	21
343	10	1	21
344	9	1	21
345	8	1	21
346	7	1	21
347	6	1	21
348	5	1	21
349	4	1	21
350	3	1	21
351	2	1	21
352	1	1	21
353	12	1	21
354	11	1	21
355	10	1	21
356	9	1	21
357	8	1	21
358	7	1	21
359	6	1	21
360	7	2	22
361	6	1	21
362	5	1	21
363	4	1	21
364	5	2	22
365	4	1	21
366	3	1	21
367	2	1	21
368	1	1	21
369	12	1	21
370	1	2	22
371	12	1	21
372	11	1	21
373	10	1	21
374	9	1	21
375	8	1	21
376	7	1	21
377	8	2	22
378	7	1	21
379	6	1	21
380	5	1	21
381	4	1	21
382	3	1	21
383	2	1	21
384	1	1	21
385	12	1	21
386	11	1	21
387	12	2	22
388	11	1	21
389	10	1	21
390	9	1	21
391	8	1	21
392	7	1	21
393	6	1	21
394	5	1	21
395	4	1	21
396	3	1	21
397	2	1	21
398	1	1	21
399	2	2	22
400	1	1	21
401	12	1	21
402	11	1	21
403	10	1	21
404	9	1	21
405	8	1	21
406	7	1	21
407	6	1	21
408	7	2	22
409	6	1	21
410	5	1	21
411	4	1	21
412	3	1	21
413	2	1	21
414	1	1	21
415	12	1	21
416	11	1	21
417	10	1	21
418	9	1	21
419	8	1	21
420	7	1	21
421	6	1	21
422	5	1	21
423	4	1	21
424	3	1	21
425	2	1	21
426	1	1	21
427	12	1	21
428	11	1	21
429	12	2	22
430	11	1	21
431	10	1	21
432	9	1	21
433	8	1	21
434	7	1	21
435	6	1	21
436	5	1	21
437	4	1	21
438	3	1	21
439	2	1	21
440	3	2	22
441	2	1	21
442	1	1	21
443	12	1	21
444	11	1	21
445	10	1	21
446	9	1	21
447	8	1	21
448	7	1	21
449	6	1	21
450	5	1	21
451	4	1	21
452	3	1	21
453	2	1	21
454	1	1	21
455	12	1	21
456	11	1	21
457	10	1	21
458	9	1	21
459	8	1	21
460	7	1	21
461	6	1	21
462	5	1	21
463	4	1	21
464	3	1	21
465	4	2	22
466	3	1	21
467	2	1	21
468	1	1	21
469	2	2	22
470	1	1	21
471	12	1	21
472	11	1	21
473	10	1	21
474	9	1	21
475	8	1	21
476	7	1	21
477	6	1	21
478	5	1	21
479	4	1	21
480	3	1	21
481	2	1	21
482	1	1	21
483	12	1	21
484	11	1	21
485	10	1	21
486	9	1	21
487	8	1	21
488	7	1	21
489	6	1	21
490	5	1	21
491	4	1	21
492	3	1	21
493	2	1	21
494	1	1	21
495	12	1	21
496	11	1	21
497	10	1	21
498	9	1	21
499	10	2	22
500	9	1	21
501	8	1	21
502	7	1	21
503	8	2	22
504	7	1	21
505	6	1	21
506	5	1	21
507	6	2	22
508	5	1	21
509	4	1	21
510	3	1	21
511	2	1	21
512	1	1	21
513	12	1	21
514	11	1	21
515	10	1	21
516	9	1	21
517	8	1	21
518	7	1	21
519	6	1	21
520	5	1	21
521	6	2	22
522	5	1	21
523	4	1	21
524	3	1	21
525	4	2	22
526	3	1	21
527	2	1	21
528	1	1	21
529	12	1	21
530	11	1	21
531	10	1	21
532	9	1	21
533	8	1	21
534	7	1	21
535	6	1	21
536	7	2	22
537	6	1	21
538	5	1	21
539	4	1	21
540	3	1	21
541	2	1	21
542	1	1	21
543	12	1	21
544	11	1	21
545	10	1	21
546	9	1	21
547	10	2	22
548	9	1	21
549	8	1	21
550	7	1	21
551	6	1	21
552	5	1	21
553	6	2	22
554	5	1	21
555	4	1	21
556	3	1	21
557	2	1	21
558	1	1	21
559	12	1	21
560	11	1	21
561	10	1	21
562	9	1	21
563	8	1	21
564	9	2	22
565	8	1	21
566	7	1	21
567	6	1	21
568	5	1	21
569	4	1	21
570	3	1	21
571	2	1	21
572	1	1	21
573	12	1	21
574	11	1	21
575	10	1	21
576	9	1	21
577	8	1	21
578	7	1	21
579	6	1	21
580	5	1	21
581	6	2	22
582	5	1	21
583	4	1	21
584	3	1	21
585	2	1	21
586	1	1	21
587	12	1	21
588	11	1	21
589	12	2	22
590	11	1	21
591	10	1	21
592	9	1	21
593	8	1	21
594	7	1	21
595	6	1	21
596	5	1	21
597	4	1	21
598	3	1	21
599	2	1	21
600	1	1	21
601	12	1	21
602	1	2	22
603	12	1	21
604	11	1	21
605	10	1	21
606	9	1	21
607	8	1	21
608	7	1	21
609	6	1	21
610	5	1	21
611	4	1	21
612	3	1	21
613	2	1	21
614	3	2	22
615	2	1	21
616	1	1	21
617	12	1	21
618	11	1	21
619	10	1	21
620	9	1	21
621	8	1	21
622	7	1	21
623	6	1	21
624	5	1	21
625	6	2	22
626	5	1	21
627	4	1	21
628	3	1	21
629	2	1	21
630	1	1	21
631	12	1	21
632	1	2	22
633	12	1	21
634	11	1	21
635	10	1	21
636	9	1	21
637	8	1	21
638	7	1	21
639	6	1	21
640	5	1	21
641	4	1	21
642	3	1	21
643	2	1	21
644	1	1	21
645	12	1	21
646	11	1	21
647	12	2	22
648	11	1	21
649	10	1	21
650	9	1	21
651	8	1	21
652	7	1	21
653	6	1	21
654	5	1	21
655	4	1	21
656	3	1	21
657	2	1	21
658	1	1	21
659	12	1	21
660	1	2	22
661	12	1	21
662	11	1	21
663	10	1	21
664	9	1	21
665	8	1	21
666	9	2	22
667	8	1	21
668	7	1	21
669	6	1	21
670	5	1	21
671	4	1	21
672	5	2	22
673	4	1	21
674	3	1	21
675	2	1	21
676	1	1	21
677	12	1	21
678	11	1	21
679	10	1	21
680	9	1	21
681	8	1	21
682	9	2	22
683	8	1	21
684	7	1	21
685	6	1	21
686	5	1	21
687	4	1	21
688	3	1	21
689	2	1	21
690	3	2	22
691	2	1	21
692	1	1	21
693	12	1	21
694	11	1	21
695	10	1	21
696	9	1	21
697	8	1	21
698	7	1	21
699	6	1	21
700	5	1	21
701	6	2	22
702	5	1	21
703	4	1	21
704	3	1	21
705	2	1	21
706	3	2	22
707	2	1	21
708	1	1	21
709	12	1	21
710	11	1	21
711	10	1	21
712	9	1	21
713	8	1	21
714	7	1	21
715	6	1	21
716	5	1	21
717	4	1	21
718	3	1	21
719	2	1	21
720	1	1	21
721	2	2	22
722	1	1	21
723	12	1	21
724	11	1	21
725	10	1	21
726	11	2	22
727	10	1	21
728	9	1	21
729	8	1	21
730	7	1	21
731	6	1	21
732	5	1	21
733	4	1	21
734	3	1	21
735	2	1	21
736	1	1	21
737	12	1	21
738	11	1	21
739	10	1	21
740	9	1	21
741	8	1	21
742	7	1	21
743	6	1	21
744	5	1	21
745	4	1	21
746	3	1	21
747	2	1	21
748	1	1	21
749	2	2	22
750	1	1	21
751	12	1	21
752	11	1	21
753	10	1	21
754	9	1	21
755	8	1	21
756	7	1	21
757	6	1	21
758	5	1	21
759	4	1	21
760	3	1	21
761	4	2	22
762	3	1	21
763	2	1	21
764	1	1	21
765	12	1	21
766	11	1	21
767	10	1	21
768	9	1	21
769	8	1	21
770	9	2	22
771	8	1	21
772	7	1	21
773	6	1	21
774	5	1	21
775	4	1	21
776	3	1	21
777	2	1	21
778	1	1	21
779	12	1	21
780	11	1	21
781	12	2	22
782	11	1	21
783	10	1	21
784	9	1	21
785	8	1	21
786	7	1	21
787	6	1	21
788	5	1	21
789	4	1	21
790	5	2	22
791	4	1	21
792	3	1	21
793	2	1	21
794	1	1	21
795	12	1	21
796	11	1	21
797	10	1	21
798	9	1	21
799	8	1	21
800	7	1	21
801	8	2	22
802	7	1	21
803	6	1	21
804	5	1	21
805	4	1	21
806	3	1	21
807	2	1	21
808	1	1	21
809	12	1	21
810	11	1	21
811	10	1	21
812	11	2	22
813	10	1	21
814	9	1	21
815	8	1	21
816	7	1	21
817	6	1	21
818	5	1	21
819	4	1	21
820	3	1	21
