1	12	1	21
2	11	1	21
3	10	1	21
4	9	1	21
5	8	1	21
6	7	1	21
7	6	1	21
8	5	1	21
9	4	1	21
10	3	1	21
11	2	1	21
12	1	1	21
13	12	1	21
14	11	1	21
15	10	1	21
16	9	1	21
17	8	1	21
18	7	1	21
19	6	1	21
20	5	1	21
21	4	1	21
22	3	1	21
23	2	1	21
24	1	1	21
25	12	1	21
26	11	1	21
27	10	1	21
28	11	2	22
29	10	1	21
30	9	1	21
31	8	1	21
32	7	1	21
33	6	1	21
34	7	2	22
35	6	1	21
36	5	1	21
37	4	1	21
38	3	1	21
39	2	1	21
40	1	1	21
41	12	1	21
42	1	2	22
43	12	1	21
44	11	1	21
45	10	1	21
46	9	1	21
47	8	1	21
48	7	1	21
49	6	1	21
50	5	1	21
51	6	2	22
52	5	1	21
53	4	1	21
54	3	1	21
55	2	1	21
56	1	1	21
57	12	1	21
58	11	1	21
59	10	1	21
60	9	1	21
61	8	1	21
62	7	1	21
63	6	1	21
64	5	1	21
65	4	1	21
66	3	1	21
67	2	1	21
68	1	1	21
69	12	1	21
70	11	1	21
71	10	1	21
72	9	1	21
73	8	1	21
74	7	1	21
75	6	1	21
76	5	1	21
77	4	1	21
78	3	1	21
79	4	2	22
80	3	1	21
81	2	1	21
82	1	1	21
83	12	1	21
84	11	1	21
85	10	1	21
86	9	1	21
87	8	1	21
88	7	1	21
89	6	1	21
90	7	2	22
91	6	1	21
92	5	1	21
93	4	1	21
94	3	1	21
95	2	1	21
96	3	2	22
97	2	1	21
98	1	1	21
99	12	1	21
100	11	1	21
101	10	1	21
102	9	1	21
103	8	1	21
104	7	1	21
105	6	1	21
106	5	1	21
107	4	1	21
108	3	1	21
109	2	1	21
110	1	1	21
111	2	2	22
112	1	1	21
113	12	1	21
114	11	1	21
115	10	1	21
116	9	1	21
117	8	1	21
118	7	1	21
119	6	1	21
120	5	1	21
121	4	1	21
122	3	1	21
123	2	1	21
124	3	2	22
125	2	1	21
126	1	1	21
127	12	1	21
128	1	2	22
129	12	1	21
130	11	1	21
131	10	1	21
132	9	1	21
133	8	1	21
134	7	1	21
135	6	1	21
136	5	1	21
137	4	1	21
138	5	2	22
139	4	1	21
140	3	1	21
141	2	1	21
142	1	1	21
143	12	1	21
144	11	1	21
145	10	1	21
146	9	1	21
147	8	1	21
148	7	1	21
149	8	2	22
150	7	1	21
151	6	1	21
152	5	1	21
153	4	1	21
154	3	1	21
155	2	1	21
156	1	1	21
157	12	1	21
158	11	1	21
159	10	1	21
160	9	1	21
161	8	1	21
162	7	1	21
163	6	1	21
164	5	1	21
165	4	1	21
166	3	1	21
167	2	1	21
168	1	1	21
169	12	1	21
170	1	2	22
171	12	1	21
172	11	1	21
173	10	1	21
174	9	1	21
175	8	1	21
176	7	1	21
177	6	1	21
178	5	1	21
179	4	1	21
180	3	1	21
181	2	1	21
182	1	1	21
183	2	2	22
184	1	1	21
185	12	1	21
186	11	1	21
187	10	1	21
188	9	1	21
189	10	2	22
190	9	1	21
191	8	1	21
192	7	1	21
193	6	1	21
194	5	1	21
195	4	1	21
196	3	1	21
197	2	1	21
198	1	1	21
199	2	2	22
200	1	1	21
201	12	1	21
202	11	1	21
203	12	2	22
204	11	1	21
205	10	1	21
206	9	1	21
207	10	2	22
208	9	1	21
209	8	1	21
210	7	1	21
211	6	1	21
212	5	1	21
213	4	1	21
214	3	1	21
215	2	1	21
216	1	1	21
217	12	1	21
218	11	1	21
219	10	1	21
220	9	1	21
221	8	1	21
222	7	1	21
223	8	2	22
224	7	1	21
225	6	1	21
226	5	1	21
227	4	1	21
228	3	1	21
229	2	1	21
230	1	1	21
231	12	1	21
232	1	2	22
233	12	1	21
234	11	1	21
235	10	1	21
236	9	1	21
237	8	1	21
238	7	1	21
239	6	1	21
240	7	2	22
241	6	1	21
242	5	1	21
243	4	1	21
244	3	1	21
245	2	1	21
246	1	1	21
247	12	1	21
248	11	1	21
249	10	1	21
250	9	1	21
251	8	1	21
252	7	1	21
253	6	1	21
254	5	1	21
255	4	1	21
256	3	1	21
257	2	1	21
258	1	1	21
259	12	1	21
260	11	1	21
261	12	2	22
262	11	1	21
263	10	1	21
264	9	1	21
265	8	1	21
266	7	1	21
267	6	1	21
268	5	1	21
269	4	1	21
270	3	1	21
271	2	1	21
272	1	1	21
273	12	1	21
274	11	1	21
275	10	1	21
276	9	1	21
277	8	1	21
278	9	2	22
279	8	1	21
280	7	1	21
281	6	1	21
282	5	1	21
283	4	1	21
284	3	1	21
285	2	1	21
286	1	1	21
287	12	1	21
288	11	1	21
289	10	1	21
290	9	1	21
291	8	1	21
292	7	1	21
293	8	2	22
294	7	1	21
295	6	1	21
296	5	1	21
297	4	1	21
298	3	1	21
299	4	2	22
300	3	1	21
301	2	1	21
302	1	1	21
303	12	1	21
304	11	1	21
305	12	2	22
306	11	1	21
307	10	1	21
308	9	1	21
309	8	1	21
310	7	1	21
311	6	1	21
312	5	1	21
313	6	2	22
314	5	1	21
315	4	1	21
316	3	1	21
317	2	1	21
318	1	1	21
319	12	1	21
320	11	1	21
321	10	1	21
322	9	1	21
323	8	1	21
324	7	1	21
325	8	2	22
326	7	1	21
327	6	1	21
328	5	1	21
329	4	1	21
330	3	1	21
331	4	2	22
332	3	1	21
333	2	1	21
334	1	1	21
335	12	1	21
336	1	2	22
337	12	1	21
338	11	1	21
339	10	1	21
340	9	1	21
341	8	1	21
342	9	2	22
343	8	1	21
344	7	1	21
345	6	1	21
346	5	1	21
347	4	1	21
348	3	1	21
349	2	1	21
350	1	1	21
351	12	1	21
352	11	1	21
353	10	1	21
354	9	1	21
355	8	1	21
356	7	1	21
357	8	2	22
358	7	1	21
359	6	1	21
360	5	1	21
361	4	1	21
362	5	2	22
363	4	1	21
364	3	1	21
365	2	1	21
366	1	1	21
367	12	1	21
368	11	1	21
369	10	1	21
370	11	2	22
371	10	1	21
372	9	1	21
373	8	1	21
374	7	1	21
375	6	1	21
376	5	1	21
377	4	1	21
378	3	1	21
379	2	1	21
380	3	2	22
381	2	1	21
382	1	1	21
383	12	1	21
384	11	1	21
385	10	1	21
386	9	1	21
387	10	2	22
388	9	1	21
389	8	1	21
390	7	1	21
391	8	2	22
392	7	1	21
393	6	1	21
394	5	1	21
395	4	1	21
396	3	1	21
397	2	1	21
398	1	1	21
399	12	1	21
400	11	1	21
401	10	1	21
402	9	1	21
403	8	1	21
404	9	2	22
405	8	1	21
406	7	1	21
407	6	1	21
408	5	1	21
409	6	2	22
410	5	1	21
411	4	1	21
412	3	1	21
413	2	1	21
414	1	1	21
415	12	1	21
416	11	1	21
417	10	1	21
418	9	1	21
419	8	1	21
420	9	2	22
421	8	1	21
422	7	1	21
423	6	1	21
424	7	2	22
425	6	1	21
426	5	1	21
427	4	1	21
428	3	1	21
429	4	2	22
430	3	1	21
431	2	1	21
432	1	1	21
433	12	1	21
434	11	1	21
435	10	1	21
436	9	1	21
437	8	1	21
438	7	1	21
439	6	1	21
440	5	1	21
441	4	1	21
442	5	2	22
443	4	1	21
444	3	1	21
445	2	1	21
446	1	1	21
447	12	1	21
448	11	1	21
449	12	2	22
450	11	1	21
451	10	1	21
452	9	1	21
453	8	1	21
454	9	2	22
455	8	1	21
456	7	1	21
457	6	1	21
458	5	1	21
459	4	1	21
460	5	2	22
461	4	1	21
462	3	1	21
463	2	1	21
464	1	1	21
465	12	1	21
466	11	1	21
467	10	1	21
468	9	1	21
469	10	2	22
470	9	1	21
471	8	1	21
472	7	1	21
473	6	1	21
474	5	1	21
475	4	1	21
476	3	1	21
477	2	1	21
478	1	1	21
479	12	1	21
480	11	1	21
481	10	1	21
482	9	1	21
483	8	1	21
484	7	1	21
485	6	1	21
486	7	2	22
487	6	1	21
488	5	1	21
489	4	1	21
490	3	1	21
491	4	2	22
492	3	1	21
493	2	1	21
494	1	1	21
495	12	1	21
496	11	1	21
497	10	1	21
498	9	1	21
499	8	1	21
500	7	1	21
501	8	2	22
502	7	1	21
503	6	1	21
504	5	1	21
505	4	1	21
506	3	1	21
507	2	1	21
508	1	1	21
509	12	1	21
510	11	1	21
511	12	2	22
512	11	1	21
513	10	1	21
514	9	1	21
515	8	1	21
516	7	1	21
517	6	1	21
518	5	1	21
519	4	1	21
520	3	1	21
521	2	1	21
522	1	1	21
523	12	1	21
524	11	1	21
525	10	1	21
526	9	1	21
527	8	1	21
528	7	1	21
529	6	1	21
530	5	1	21
531	4	1	21
532	3	1	21
533	2	1	21
534	1	1	21
535	2	2	22
536	1	1	21
537	12	1	21
538	11	1	21
539	12	2	22
540	11	1	21
541	10	1	21
542	9	1	21
543	10	2	22
544	9	1	21
545	8	1	21
546	7	1	21
547	6	1	21
548	5	1	21
549	4	1	21
550	3	1	21
551	2	1	21
552	1	1	21
553	12	1	21
554	11	1	21
555	10	1	21
556	9	1	21
557	8	1	21
558	7	1	21
559	6	1	21
560	5	1	21
561	6	2	22
562	5	1	21
563	4	1	21
564	3	1	21
565	2	1	21
566	1	1	21
567	12	1	21
568	11	1	21
569	10	1	21
570	9	1	21
571	8	1	21
572	7	1	21
573	6	1	21
574	5	1	21
575	4	1	21
576	3	1	21
577	4	2	22
578	3	1	21
579	2	1	21
580	1	1	21
581	2	2	22
582	1	1	21
583	12	1	21
584	11	1	21
585	10	1	21
586	9	1	21
587	8	1	21
588	7	1	21
589	6	1	21
590	5	1	21
591	4	1	21
592	3	1	21
593	2	1	21
594	1	1	21
595	2	2	22
596	1	1	21
597	12	1	21
598	11	1	21
599	10	1	21
600	9	1	21
601	8	1	21
602	7	1	21
603	6	1	21
604	5	1	21
605	6	2	22
606	5	1	21
607	4	1	21
608	3	1	21
609	2	1	21
610	3	2	22
611	2	1	21
612	1	1	21
613	12	1	21
614	11	1	21
615	10	1	21
616	11	2	22
617	10	1	21
618	9	1	21
619	8	1	21
620	7	1	21
621	6	1	21
622	5	1	21
623	6	2	22
624	5	1	21
625	4	1	21
626	3	1	21
627	2	1	21
628	1	1	21
629	12	1	21
630	11	1	21
631	10	1	21
632	11	2	22
633	10	1	21
634	9	1	21
635	8	1	21
636	7	1	21
637	6	1	21
638	5	1	21
639	4	1	21
640	3	1	21
641	2	1	21
642	1	1	21
643	12	1	21
644	11	1	21
645	10	1	21
646	9	1	21
647	8	1	21
648	7	1	21
649	6	1	21
650	5	1	21
651	4	1	21
652	3	1	21
653	2	1	21
654	1	1	21
655	12	1	21
656	11	1	21
657	12	2	22
658	11	1	21
659	10	1	21
660	9	1	21
661	8	1	21
662	7	1	21
663	6	1	21
664	5	1	21
665	4	1	21
666	3	1	21
667	2	1	21
668	1	1	21
669	12	1	21
670	11	1	21
671	10	1	21
672	9	1	21
673	8	1	21
674	7	1	21
675	6	1	21
676	5	1	21
677	4	1	21
678	3	1	21
679	2	1	21
680	1	1	21
681	12	1	21
682	11	1	21
683	10	1	21
684	11	2	22
685	10	1	21
686	9	1	21
687	8	1	21
688	7	1	21
689	6	1	21
690	5	1	21
691	4	1	21
692	3	1	21
693	4	2	22
694	3	1	21
695	2	1	21
696	1	1	21
697	12	1	21
698	11	1	21
699	10	1	21
700	9	1	21
701	8	1	21
702	7	1	21
703	6	1	21
704	7	2	22
705	6	1	21
706	5	1	21
707	4	1	21
708	3	1	21
709	2	1	21
710	1	1	21
711	12	1	21
712	11	1	21
713	10	1	21
714	9	1	21
715	8	1	21
716	7	1	21
717	6	1	21
718	5	1	21
719	4	1	21
720	3	1	21
721	2	1	21
722	1	1	21
723	12	1	21
724	1	2	22
725	12	1	21
726	11	1	21
727	10	1	21
728	9	1	21
729	10	2	22
730	9	1	21
731	8	1	21
732	7	1	21
733	6	1	21
734	5	1	21
735	4	1	21
736	3	1	21
737	2	1	21
738	1	1	21
739	12	1	21
740	11	1	21
741	10	1	21
742	9	1	21
743	8	1	21
744	7	1	21
745	6	1	21
746	5	1	21
747	4	1	21
748	3	1	21
749	2	1	21
750	1	1	21
751	12	1	21
752	11	1	21
753	10	1	21
754	11	2	22
755	10	1	21
756	9	1	21
757	8	1	21
758	7	1	21
759	6	1	21
760	5	1	21
761	4	1	21
762	3	1	21
763	2	1	21
764	3	2	22
765	2	1	21
766	1	1	21
767	12	1	21
768	11	1	21
769	10	1	21
770	9	1	21
771	8	1	21
772	7	1	21
773	6	1	21
774	5	1	21
775	4	1	21
776	5	2	22
777	4	1	21
778	3	1	21
779	2	1	21
780	1	1	21
781	12	1	21
782	11	1	21
783	10	1	21
784	9	1	21
785	8	1	21
786	9	2	22
787	8	1	21
788	7	1	21
789	6	1	21
790	5	1	21
791	4	1	21
792	3	1	21
793	2	1	21
794	1	1	21
795	12	1	21
796	11	1	21
797	10	1	21
798	9	1	21
799	8	1	21
800	7	1	21
801	6	1	21
802	5	1	21
803	4	1	21
804	3	1	21
805	2	1	21
806	3	2	22
807	2	1	21
808	1	1	21
809	12	1	21
810	11	1	21
811	10	1	21
812	9	1	21
813	8	1	21
814	7	1	21
815	6	1	21
816	5	1	21
817	4	1	21
818	5	2	22
819	4	1	21
820	3	1	21
