1	12	1	21
2	11	1	21
3	10	1	21
4	9	1	21
5	8	1	21
6	7	1	21
7	6	1	21
8	5	1	21
9	4	1	21
10	3	1	21
11	2	1	21
12	1	1	21
13	12	1	21
14	11	1	21
15	12	2	22
16	11	1	21
17	10	1	21
18	9	1	21
19	8	1	21
20	9	2	22
21	8	1	21
22	7	1	21
23	6	1	21
24	5	1	21
25	4	1	21
26	3	1	21
27	2	1	21
28	1	1	21
29	12	1	21
30	11	1	21
31	10	1	21
32	9	1	21
33	8	1	21
34	7	1	21
35	6	1	21
36	5	1	21
37	4	1	21
38	3	1	21
39	4	2	22
40	3	1	21
41	2	1	21
42	1	1	21
43	12	1	21
44	11	1	21
45	10	1	21
46	9	1	21
47	8	1	21
48	7	1	21
49	6	1	21
50	5	1	21
51	4	1	21
52	3	1	21
53	2	1	21
54	3	2	22
55	2	1	21
56	1	1	21
57	12	1	21
58	11	1	21
59	10	1	21
60	9	1	21
61	8	1	21
62	7	1	21
63	6	1	21
64	5	1	21
65	4	1	21
66	3	1	21
67	2	1	21
68	1	1	21
69	12	1	21
70	11	1	21
71	10	1	21
72	9	1	21
73	10	2	22
74	9	1	21
75	8	1	21
76	7	1	21
77	6	1	21
78	5	1	21
79	4	1	21
80	3	1	21
81	2	1	21
82	1	1	21
83	12	1	21
84	11	1	21
85	10	1	21
86	11	2	22
87	10	1	21
88	9	1	21
89	8	1	21
90	7	1	21
91	6	1	21
92	5	1	21
93	4	1	21
94	3	1	21
95	4	2	22
96	3	1	21
97	2	1	21
98	1	1	21
99	12	1	21
100	11	1	21
101	10	1	21
102	9	1	21
103	8	1	21
104	7	1	21
105	6	1	21
106	5	1	21
107	4	1	21
108	3	1	21
109	2	1	21
110	1	1	21
111	12	1	21
112	11	1	21
113	10	1	21
114	11	2	22
115	10	1	21
116	9	1	21
117	8	1	21
118	7	1	21
119	6	1	21
120	5	1	21
121	4	1	21
122	3	1	21
123	2	1	21
124	1	1	21
125	12	1	21
126	1	2	22
127	12	1	21
128	11	1	21
129	10	1	21
130	9	1	21
131	8	1	21
132	7	1	21
133	6	1	21
134	7	2	22
135	6	1	21
136	5	1	21
137	4	1	21
138	3	1	21
139	2	1	21
140	1	1	21
141	12	1	21
142	1	2	22
143	12	1	21
144	11	1	21
145	10	1	21
146	9	1	21
147	8	1	21
148	7	1	21
149	6	1	21
150	5	1	21
151	4	1	21
152	3	1	21
153	2	1	21
154	1	1	21
155	2	2	22
156	1	1	21
157	12	1	21
158	11	1	21
159	10	1	21
160	9	1	21
161	8	1	21
162	7	1	21
163	6	1	21
164	7	2	22
165	6	1	21
166	5	1	21
167	4	1	21
168	3	1	21
169	2	1	21
170	1	1	21
171	12	1	21
172	11	1	21
173	10	1	21
174	9	1	21
175	8	1	21
176	7	1	21
177	6	1	21
178	5	1	21
179	4	1	21
180	5	2	22
181	4	1	21
182	3	1	21
183	2	1	21
184	1	1	21
185	12	1	21
186	11	1	21
187	10	1	21
188	9	1	21
189	10	2	22
190	9	1	21
191	8	1	21
192	7	1	21
193	8	2	22
194	7	1	21
195	6	1	21
196	5	1	21
197	4	1	21
198	3	1	21
199	2	1	21
200	3	2	22
201	2	1	21
202	1	1	21
203	12	1	21
204	11	1	21
205	10	1	21
206	9	1	21
207	10	2	22
208	9	1	21
209	8	1	21
210	7	1	21
211	6	1	21
212	5	1	21
213	4	1	21
214	5	2	22
215	4	1	21
216	3	1	21
217	2	1	21
218	1	1	21
219	12	1	21
220	11	1	21
221	10	1	21
222	9	1	21
223	8	1	21
224	7	1	21
225	6	1	21
226	5	1	21
227	4	1	21
228	5	2	22
229	4	1	21
230	3	1	21
231	2	1	21
232	1	1	21
233	12	1	21
234	11	1	21
235	10	1	21
236	9	1	21
237	8	1	21
238	7	1	21
239	6	1	21
240	5	1	21
241	4	1	21
242	3	1	21
243	2	1	21
244	1	1	21
245	12	1	21
246	1	2	22
247	12	1	21
248	11	1	21
249	10	1	21
250	9	1	21
251	8	1	21
252	7	1	21
253	6	1	21
254	5	1	21
255	4	1	21
256	3	1	21
257	4	2	22
258	3	1	21
259	2	1	21
260	1	1	21
261	12	1	21
262	11	1	21
263	10	1	21
264	9	1	21
265	8	1	21
266	7	1	21
267	6	1	21
268	5	1	21
269	4	1	21
270	5	2	22
271	4	1	21
272	3	1	21
273	2	1	21
274	1	1	21
275	2	2	22
276	1	1	21
277	12	1	21
278	11	1	21
279	10	1	21
280	9	1	21
281	8	1	21
282	7	1	21
283	6	1	21
284	5	1	21
285	4	1	21
286	5	2	22
287	4	1	21
288	3	1	21
289	2	1	21
290	1	1	21
291	12	1	21
292	11	1	21
293	10	1	21
294	9	1	21
295	8	1	21
296	7	1	21
297	8	2	22
298	7	1	21
299	6	1	21
300	5	1	21
301	4	1	21
302	3	1	21
303	2	1	21
304	1	1	21
305	12	1	21
306	11	1	21
307	12	2	22
308	11	1	21
309	10	1	21
310	9	1	21
311	8	1	21
312	7	1	21
313	6	1	21
314	5	1	21
315	4	1	21
316	3	1	21
317	2	1	21
318	1	1	21
319	12	1	21
320	11	1	21
321	10	1	21
322	9	1	21
323	8	1	21
324	7	1	21
325	6	1	21
326	5	1	21
327	4	1	21
328	3	1	21
329	2	1	21
330	1	1	21
331	12	1	21
332	11	1	21
333	10	1	21
334	9	1	21
335	8	1	21
336	9	2	22
337	8	1	21
338	7	1	21
339	6	1	21
340	5	1	21
341	4	1	21
342	3	1	21
343	2	1	21
344	1	1	21
345	12	1	21
346	11	1	21
347	10	1	21
348	9	1	21
349	8	1	21
350	7	1	21
351	6	1	21
352	5	1	21
353	4	1	21
354	3	1	21
355	2	1	21
356	1	1	21
357	12	1	21
358	1	2	22
359	12	1	21
360	11	1	21
361	10	1	21
362	9	1	21
363	8	1	21
364	7	1	21
365	6	1	21
366	7	2	22
367	6	1	21
368	5	1	21
369	4	1	21
370	3	1	21
371	2	1	21
372	3	2	22
373	2	1	21
374	1	1	21
375	12	1	21
376	11	1	21
377	10	1	21
378	9	1	21
379	8	1	21
380	7	1	21
381	6	1	21
382	5	1	21
383	4	1	21
384	3	1	21
385	2	1	21
386	1	1	21
387	12	1	21
388	1	2	22
389	12	1	21
390	11	1	21
391	10	1	21
392	9	1	21
393	8	1	21
394	7	1	21
395	6	1	21
396	5	1	21
397	4	1	21
398	3	1	21
399	4	2	22
400	3	1	21
401	2	1	21
402	1	1	21
403	12	1	21
404	11	1	21
405	10	1	21
406	11	2	22
407	10	1	21
408	9	1	21
409	8	1	21
410	7	1	21
411	6	1	21
412	5	1	21
413	4	1	21
414	3	1	21
415	2	1	21
416	1	1	21
417	2	2	22
418	1	1	21
419	12	1	21
420	11	1	21
421	10	1	21
422	9	1	21
423	8	1	21
424	7	1	21
425	6	1	21
426	5	1	21
427	4	1	21
428	3	1	21
429	2	1	21
430	1	1	21
431	12	1	21
432	11	1	21
433	10	1	21
434	9	1	21
435	8	1	21
436	7	1	21
437	6	1	21
438	5	1	21
439	4	1	21
440	3	1	21
441	2	1	21
442	3	2	22
443	2	1	21
444	1	1	21
445	12	1	21
446	11	1	21
447	10	1	21
448	9	1	21
449	10	2	22
450	9	1	21
451	8	1	21
452	7	1	21
453	6	1	21
454	5	1	21
455	4	1	21
456	3	1	21
457	2	1	21
458	1	1	21
459	12	1	21
460	11	1	21
461	10	1	21
462	9	1	21
463	8	1	21
464	9	2	22
465	8	1	21
466	7	1	21
467	6	1	21
468	5	1	21
469	4	1	21
470	3	1	21
471	2	1	21
472	1	1	21
473	12	1	21
474	11	1	21
475	12	2	22
476	11	1	21
477	10	1	21
478	9	1	21
479	8	1	21
480	7	1	21
481	6	1	21
482	7	2	22
483	6	1	21
484	5	1	21
485	4	1	21
486	3	1	21
487	2	1	21
488	1	1	21
489	12	1	21
490	11	1	21
491	10	1	21
492	9	1	21
493	8	1	21
494	7	1	21
495	6	1	21
496	5	1	21
497	4	1	21
498	3	1	21
499	2	1	21
500	1	1	21
501	12	1	21
502	11	1	21
503	10	1	21
504	11	2	22
505	10	1	21
506	9	1	21
507	8	1	21
508	7	1	21
509	6	1	21
510	5	1	21
511	4	1	21
512	3	1	21
513	2	1	21
514	1	1	21
515	12	1	21
516	11	1	21
517	10	1	21
518	9	1	21
519	8	1	21
520	7	1	21
521	6	1	21
522	5	1	21
523	6	2	22
524	5	1	21
525	4	1	21
526	3	1	21
527	2	1	21
528	1	1	21
529	2	2	22
530	1	1	21
531	12	1	21
532	11	1	21
533	10	1	21
534	9	1	21
535	8	1	21
536	7	1	21
537	6	1	21
538	5	1	21
539	4	1	21
540	3	1	21
541	2	1	21
542	1	1	21
543	12	1	21
544	11	1	21
545	10	1	21
546	9	1	21
547	8	1	21
548	7	1	21
549	6	1	21
550	5	1	21
551	4	1	21
552	3	1	21
553	2	1	21
554	1	1	21
555	12	1	21
556	11	1	21
557	12	2	22
558	11	1	21
559	10	1	21
560	9	1	21
561	10	2	22
562	9	1	21
563	8	1	21
564	7	1	21
565	8	2	22
566	7	1	21
567	6	1	21
568	5	1	21
569	4	1	21
570	3	1	21
571	2	1	21
572	1	1	21
573	12	1	21
574	11	1	21
575	10	1	21
576	9	1	21
577	8	1	21
578	7	1	21
579	6	1	21
580	7	2	22
581	6	1	21
582	5	1	21
583	4	1	21
584	3	1	21
585	2	1	21
586	1	1	21
587	2	2	22
588	1	1	21
589	12	1	21
590	11	1	21
591	10	1	21
592	9	1	21
593	8	1	21
594	9	2	22
595	8	1	21
596	7	1	21
597	6	1	21
598	7	2	22
599	6	1	21
600	5	1	21
601	4	1	21
602	3	1	21
603	2	1	21
604	1	1	21
605	12	1	21
606	11	1	21
607	10	1	21
608	9	1	21
609	8	1	21
610	7	1	21
611	6	1	21
612	5	1	21
613	6	2	22
614	5	1	21
615	4	1	21
616	3	1	21
617	2	1	21
618	1	1	21
619	12	1	21
620	11	1	21
621	12	2	22
622	11	1	21
623	10	1	21
624	9	1	21
625	8	1	21
626	7	1	21
627	6	1	21
628	5	1	21
629	4	1	21
630	3	1	21
631	4	2	22
632	3	1	21
633	2	1	21
634	1	1	21
635	2	2	22
636	1	1	21
637	12	1	21
638	11	1	21
639	10	1	21
640	9	1	21
641	8	1	21
642	7	1	21
643	6	1	21
644	5	1	21
645	4	1	21
646	5	2	22
647	4	1	21
648	3	1	21
649	2	1	21
650	3	2	22
651	2	1	21
652	1	1	21
653	12	1	21
654	11	1	21
655	10	1	21
656	9	1	21
657	8	1	21
658	7	1	21
659	8	2	22
660	7	1	21
661	6	1	21
662	5	1	21
663	6	2	22
664	5	1	21
665	4	1	21
666	3	1	21
667	2	1	21
668	1	1	21
669	2	2	22
670	1	1	21
671	12	1	21
672	11	1	21
673	10	1	21
674	11	2	22
675	10	1	21
676	9	1	21
677	8	1	21
678	7	1	21
679	6	1	21
680	5	1	21
681	6	2	22
682	5	1	21
683	4	1	21
684	3	1	21
685	2	1	21
686	1	1	21
687	12	1	21
688	11	1	21
689	10	1	21
690	9	1	21
691	8	1	21
692	7	1	21
693	8	2	22
694	7	1	21
695	6	1	21
696	5	1	21
697	4	1	21
698	3	1	21
699	2	1	21
700	1	1	21
701	12	1	21
702	11	1	21
703	10	1	21
704	9	1	21
705	8	1	21
706	9	2	22
707	8	1	21
708	7	1	21
709	6	1	21
710	5	1	21
711	6	2	22
712	5	1	21
713	4	1	21
714	3	1	21
715	2	1	21
716	1	1	21
717	12	1	21
718	11	1	21
719	10	1	21
720	9	1	21
721	8	1	21
722	7	1	21
723	6	1	21
724	5	1	21
725	6	2	22
726	5	1	21
727	4	1	21
728	3	1	21
729	2	1	21
730	1	1	21
731	12	1	21
732	11	1	21
733	10	1	21
734	9	1	21
735	8	1	21
736	7	1	21
737	6	1	21
738	5	1	21
739	4	1	21
740	3	1	21
741	2	1	21
742	3	2	22
743	2	1	21
744	1	1	21
745	12	1	21
746	1	2	22
747	12	1	21
748	11	1	21
749	10	1	21
750	9	1	21
751	8	1	21
752	7	1	21
753	6	1	21
754	5	1	21
755	6	2	22
756	5	1	21
757	4	1	21
758	3	1	21
759	2	1	21
760	1	1	21
761	12	1	21
762	11	1	21
763	10	1	21
764	11	2	22
765	10	1	21
766	9	1	21
767	8	1	21
768	7	1	21
769	8	2	22
770	7	1	21
771	6	1	21
772	5	1	21
773	4	1	21
774	3	1	21
775	4	2	22
776	3	1	21
777	2	1	21
778	1	1	21
779	12	1	21
780	11	1	21
781	10	1	21
782	9	1	21
783	8	1	21
784	9	2	22
785	8	1	21
786	7	1	21
787	6	1	21
788	5	1	21
789	4	1	21
790	3	1	21
791	2	1	21
792	1	1	21
793	12	1	21
794	1	2	22
795	12	1	21
796	11	1	21
797	10	1	21
798	9	1	21
799	8	1	21
800	7	1	21
801	6	1	21
802	5	1	21
803	4	1	21
804	3	1	21
805	2	1	21
806	1	1	21
807	12	1	21
808	11	1	21
809	12	2	22
810	11	1	21
811	10	1	21
812	9	1	21
813	10	2	22
814	9	1	21
815	8	1	21
816	7	1	21
817	6	1	21
818	5	1	21
819	4	1	21
820	3	1	21
