1	12	1	21
2	11	1	21
3	10	1	21
4	9	1	21
5	8	1	21
6	7	1	21
7	6	1	21
8	5	1	21
9	4	1	21
10	3	1	21
11	2	1	21
12	1	1	21
13	2	2	22
14	1	1	21
15	12	1	21
16	11	1	21
17	10	1	21
18	9	1	21
19	8	1	21
20	7	1	21
21	6	1	21
22	5	1	21
23	4	1	21
24	3	1	21
25	2	1	21
26	1	1	21
27	12	1	21
28	11	1	21
29	10	1	21
30	9	1	21
31	10	2	22
32	9	1	21
33	8	1	21
34	7	1	21
35	6	1	21
36	5	1	21
37	4	1	21
38	3	1	21
39	2	1	21
40	1	1	21
41	12	1	21
42	11	1	21
43	10	1	21
44	9	1	21
45	8	1	21
46	7	1	21
47	6	1	21
48	5	1	21
49	4	1	21
50	3	1	21
51	2	1	21
52	1	1	21
53	12	1	21
54	11	1	21
55	10	1	21
56	9	1	21
57	8	1	21
58	7	1	21
59	6	1	21
60	5	1	21
61	4	1	21
62	3	1	21
63	2	1	21
64	1	1	21
65	12	1	21
66	11	1	21
67	10	1	21
68	9	1	21
69	8	1	21
70	7	1	21
71	6	1	21
72	7	2	22
73	6	1	21
74	5	1	21
75	4	1	21
76	3	1	21
77	2	1	21
78	1	1	21
79	12	1	21
80	11	1	21
81	12	2	22
82	11	1	21
83	10	1	21
84	9	1	21
85	8	1	21
86	7	1	21
87	6	1	21
88	5	1	21
89	4	1	21
90	3	1	21
91	2	1	21
92	1	1	21
93	12	1	21
94	11	1	21
95	10	1	21
96	11	2	22
97	10	1	21
98	9	1	21
99	8	1	21
100	7	1	21
101	6	1	21
102	5	1	21
103	4	1	21
104	5	2	22
105	4	1	21
106	3	1	21
107	2	1	21
108	1	1	21
109	2	2	22
110	1	1	21
111	12	1	21
112	11	1	21
113	12	2	22
114	11	1	21
115	10	1	21
116	9	1	21
117	10	2	22
118	9	1	21
119	8	1	21
120	7	1	21
121	6	1	21
122	5	1	21
123	4	1	21
124	3	1	21
125	4	2	22
126	3	1	21
127	2	1	21
128	1	1	21
129	12	1	21
130	11	1	21
131	10	1	21
132	9	1	21
133	8	1	21
134	7	1	21
135	6	1	21
136	7	2	22
137	6	1	21
138	5	1	21
139	4	1	21
140	3	1	21
141	2	1	21
142	1	1	21
143	2	2	22
144	1	1	21
145	12	1	21
146	11	1	21
147	10	1	21
148	9	1	21
149	8	1	21
150	7	1	21
151	6	1	21
152	5	1	21
153	4	1	21
154	3	1	21
155	2	1	21
156	1	1	21
157	2	2	22
158	1	1	21
159	12	1	21
160	11	1	21
161	10	1	21
162	9	1	21
163	8	1	21
164	7	1	21
165	6	1	21
166	5	1	21
167	4	1	21
168	5	2	22
169	4	1	21
170	3	1	21
171	2	1	21
172	1	1	21
173	12	1	21
174	11	1	21
175	10	1	21
176	9	1	21
177	8	1	21
178	9	2	22
179	8	1	21
180	7	1	21
181	6	1	21
182	5	1	21
183	4	1	21
184	3	1	21
185	2	1	21
186	1	1	21
187	12	1	21
188	1	2	22
189	12	1	21
190	11	1	21
191	10	1	21
192	9	1	21
193	8	1	21
194	9	2	22
195	8	1	21
196	7	1	21
197	6	1	21
198	5	1	21
199	4	1	21
200	3	1	21
201	4	2	22
202	3	1	21
203	2	1	21
204	1	1	21
205	12	1	21
206	11	1	21
207	10	1	21
208	9	1	21
209	8	1	21
210	7	1	21
211	6	1	21
212	5	1	21
213	4	1	21
214	3	1	21
215	2	1	21
216	1	1	21
217	12	1	21
218	11	1	21
219	10	1	21
220	9	1	21
221	8	1	21
222	7	1	21
223	6	1	21
224	5	1	21
225	4	1	21
226	3	1	21
227	2	1	21
228	1	1	21
229	12	1	21
230	1	2	22
231	12	1	21
232	11	1	21
233	10	1	21
234	9	1	21
235	8	1	21
236	7	1	21
237	6	1	21
238	7	2	22
239	6	1	21
240	5	1	21
241	4	1	21
242	3	1	21
243	2	1	21
244	1	1	21
245	12	1	21
246	11	1	21
247	10	1	21
248	9	1	21
249	8	1	21
250	7	1	21
251	6	1	21
252	5	1	21
253	4	1	21
254	3	1	21
255	4	2	22
256	3	1	21
257	2	1	21
258	1	1	21
259	12	1	21
260	11	1	21
261	10	1	21
262	9	1	21
263	8	1	21
264	7	1	21
265	6	1	21
266	7	2	22
267	6	1	21
268	5	1	21
269	4	1	21
270	3	1	21
271	2	1	21
272	1	1	21
273	12	1	21
274	11	1	21
275	10	1	21
276	9	1	21
277	8	1	21
278	7	1	21
279	6	1	21
280	5	1	21
281	4	1	21
282	3	1	21
283	2	1	21
284	1	1	21
285	12	1	21
286	11	1	21
287	10	1	21
288	11	2	22
289	10	1	21
290	9	1	21
291	8	1	21
292	7	1	21
293	6	1	21
294	5	1	21
295	6	2	22
296	5	1	21
297	4	1	21
298	3	1	21
299	2	1	21
300	1	1	21
301	12	1	21
302	11	1	21
303	10	1	21
304	9	1	21
305	8	1	21
306	7	1	21
307	6	1	21
308	5	1	21
309	6	2	22
310	5	1	21
311	4	1	21
312	3	1	21
313	2	1	21
314	3	2	22
315	2	1	21
316	1	1	21
317	12	1	21
318	11	1	21
319	10	1	21
320	9	1	21
321	10	2	22
322	9	1	21
323	8	1	21
324	7	1	21
325	6	1	21
326	5	1	21
327	4	1	21
328	3	1	21
329	2	1	21
330	1	1	21
331	12	1	21
332	11	1	21
333	10	1	21
334	9	1	21
335	8	1	21
336	7	1	21
337	6	1	21
338	5	1	21
339	4	1	21
340	3	1	21
341	2	1	21
342	1	1	21
343	12	1	21
344	11	1	21
345	10	1	21
346	11	2	22
347	10	1	21
348	9	1	21
349	8	1	21
350	7	1	21
351	6	1	21
352	7	2	22
353	6	1	21
354	5	1	21
355	4	1	21
356	3	1	21
357	2	1	21
358	1	1	21
359	12	1	21
360	11	1	21
361	12	2	22
362	11	1	21
363	10	1	21
364	9	1	21
365	8	1	21
366	7	1	21
367	6	1	21
368	5	1	21
369	4	1	21
370	3	1	21
371	2	1	21
372	1	1	21
373	2	2	22
374	1	1	21
375	12	1	21
376	11	1	21
377	10	1	21
378	9	1	21
379	10	2	22
380	9	1	21
381	8	1	21
382	7	1	21
383	6	1	21
384	5	1	21
385	4	1	21
386	3	1	21
387	2	1	21
388	1	1	21
389	12	1	21
390	11	1	21
391	10	1	21
392	9	1	21
393	10	2	22
394	9	1	21
395	8	1	21
396	7	1	21
397	6	1	21
398	5	1	21
399	4	1	21
400	5	2	22
401	4	1	21
402	3	1	21
403	2	1	21
404	3	2	22
405	2	1	21
406	1	1	21
407	12	1	21
408	11	1	21
409	10	1	21
410	9	1	21
411	8	1	21
412	7	1	21
413	6	1	21
414	5	1	21
415	4	1	21
416	5	2	22
417	4	1	21
418	3	1	21
419	2	1	21
420	3	2	22
421	2	1	21
422	1	1	21
423	12	1	21
424	11	1	21
425	10	1	21
426	9	1	21
427	8	1	21
428	9	2	22
429	8	1	21
430	7	1	21
431	6	1	21
432	5	1	21
433	4	1	21
434	3	1	21
435	2	1	21
436	3	2	22
437	2	1	21
438	1	1	21
439	12	1	21
440	11	1	21
441	10	1	21
442	9	1	21
443	8	1	21
444	7	1	21
445	8	2	22
446	7	1	21
447	6	1	21
448	5	1	21
449	4	1	21
450	3	1	21
451	2	1	21
452	1	1	21
453	12	1	21
454	11	1	21
455	10	1	21
456	11	2	22
457	10	1	21
458	9	1	21
459	8	1	21
460	7	1	21
461	6	1	21
462	5	1	21
463	4	1	21
464	3	1	21
465	2	1	21
466	1	1	21
467	12	1	21
468	11	1	21
469	10	1	21
470	9	1	21
471	8	1	21
472	7	1	21
473	8	2	22
474	7	1	21
475	6	1	21
476	5	1	21
477	4	1	21
478	3	1	21
479	2	1	21
480	1	1	21
481	12	1	21
482	11	1	21
483	10	1	21
484	9	1	21
485	10	2	22
486	9	1	21
487	8	1	21
488	7	1	21
489	6	1	21
490	7	2	22
491	6	1	21
492	5	1	21
493	4	1	21
494	3	1	21
495	2	1	21
496	1	1	21
497	12	1	21
498	1	2	22
499	12	1	21
500	11	1	21
501	10	1	21
502	9	1	21
503	8	1	21
504	7	1	21
505	6	1	21
506	5	1	21
507	6	2	22
508	5	1	21
509	4	1	21
510	3	1	21
511	4	2	22
512	3	1	21
513	2	1	21
514	1	1	21
515	12	1	21
516	1	2	22
517	12	1	21
518	11	1	21
519	10	1	21
520	9	1	21
521	8	1	21
522	7	1	21
523	8	2	22
524	7	1	21
525	6	1	21
526	5	1	21
527	4	1	21
528	3	1	21
529	2	1	21
530	1	1	21
531	12	1	21
532	1	2	22
533	12	1	21
534	11	1	21
535	10	1	21
536	9	1	21
537	8	1	21
538	7	1	21
539	8	2	22
540	7	1	21
541	6	1	21
542	5	1	21
543	4	1	21
544	3	1	21
545	2	1	21
546	1	1	21
547	12	1	21
548	11	1	21
549	10	1	21
550	9	1	21
551	8	1	21
552	7	1	21
553	6	1	21
554	5	1	21
555	4	1	21
556	3	1	21
557	4	2	22
558	3	1	21
559	2	1	21
560	1	1	21
561	12	1	21
562	11	1	21
563	10	1	21
564	9	1	21
565	8	1	21
566	7	1	21
567	6	1	21
568	5	1	21
569	4	1	21
570	3	1	21
571	2	1	21
572	1	1	21
573	12	1	21
574	11	1	21
575	10	1	21
576	9	1	21
577	8	1	21
578	7	1	21
579	6	1	21
580	5	1	21
581	4	1	21
582	3	1	21
583	2	1	21
584	1	1	21
585	12	1	21
586	1	2	22
587	12	1	21
588	11	1	21
589	10	1	21
590	9	1	21
591	8	1	21
592	7	1	21
593	6	1	21
594	5	1	21
595	4	1	21
596	5	2	22
597	4	1	21
598	3	1	21
599	2	1	21
600	1	1	21
601	12	1	21
602	11	1	21
603	10	1	21
604	9	1	21
605	8	1	21
606	7	1	21
607	6	1	21
608	5	1	21
609	4	1	21
610	3	1	21
611	2	1	21
612	1	1	21
613	12	1	21
614	11	1	21
615	12	2	22
616	11	1	21
617	10	1	21
618	9	1	21
619	8	1	21
620	7	1	21
621	6	1	21
622	5	1	21
623	4	1	21
624	3	1	21
625	2	1	21
626	1	1	21
627	12	1	21
628	11	1	21
629	10	1	21
630	9	1	21
631	8	1	21
632	7	1	21
633	6	1	21
634	5	1	21
635	4	1	21
636	3	1	21
637	2	1	21
638	1	1	21
639	12	1	21
640	11	1	21
641	10	1	21
642	11	2	22
643	10	1	21
644	9	1	21
645	8	1	21
646	7	1	21
647	6	1	21
648	5	1	21
649	4	1	21
650	5	2	22
651	4	1	21
652	3	1	21
653	2	1	21
654	1	1	21
655	12	1	21
656	11	1	21
657	10	1	21
658	9	1	21
659	8	1	21
660	7	1	21
661	8	2	22
662	7	1	21
663	6	1	21
664	5	1	21
665	4	1	21
666	3	1	21
667	2	1	21
668	1	1	21
669	12	1	21
670	11	1	21
671	10	1	21
672	11	2	22
673	10	1	21
674	9	1	21
675	8	1	21
676	9	2	22
677	8	1	21
678	7	1	21
679	6	1	21
680	5	1	21
681	4	1	21
682	3	1	21
683	2	1	21
684	1	1	21
685	12	1	21
686	11	1	21
687	10	1	21
688	9	1	21
689	8	1	21
690	7	1	21
691	6	1	21
692	5	1	21
693	6	2	22
694	5	1	21
695	4	1	21
696	3	1	21
697	2	1	21
698	3	2	22
699	2	1	21
700	1	1	21
701	12	1	21
702	11	1	21
703	12	2	22
704	11	1	21
705	10	1	21
706	9	1	21
707	10	2	22
708	9	1	21
709	8	1	21
710	7	1	21
711	6	1	21
712	7	2	22
713	6	1	21
714	5	1	21
715	4	1	21
716	3	1	21
717	2	1	21
718	1	1	21
719	12	1	21
720	11	1	21
721	10	1	21
722	11	2	22
723	10	1	21
724	9	1	21
725	8	1	21
726	7	1	21
727	6	1	21
728	5	1	21
729	4	1	21
730	3	1	21
731	4	2	22
732	3	1	21
733	2	1	21
734	1	1	21
735	12	1	21
736	11	1	21
737	10	1	21
738	9	1	21
739	8	1	21
740	7	1	21
741	6	1	21
742	5	1	21
743	4	1	21
744	3	1	21
745	2	1	21
746	3	2	22
747	2	1	21
748	1	1	21
749	12	1	21
750	11	1	21
751	10	1	21
752	9	1	21
753	8	1	21
754	7	1	21
755	8	2	22
756	7	1	21
757	6	1	21
758	5	1	21
759	4	1	21
760	3	1	21
761	2	1	21
762	1	1	21
763	2	2	22
764	1	1	21
765	12	1	21
766	11	1	21
767	10	1	21
768	9	1	21
769	8	1	21
770	9	2	22
771	8	1	21
772	7	1	21
773	6	1	21
774	5	1	21
775	4	1	21
776	3	1	21
777	2	1	21
778	1	1	21
779	12	1	21
780	11	1	21
781	12	2	22
782	11	1	21
783	10	1	21
784	9	1	21
785	8	1	21
786	7	1	21
787	6	1	21
788	5	1	21
789	6	2	22
790	5	1	21
791	4	1	21
792	3	1	21
793	2	1	21
794	1	1	21
795	12	1	21
796	11	1	21
797	10	1	21
798	9	1	21
799	8	1	21
800	7	1	21
801	6	1	21
802	5	1	21
803	4	1	21
804	3	1	21
805	2	1	21
806	1	1	21
807	12	1	21
808	11	1	21
809	10	1	21
810	9	1	21
811	8	1	21
812	9	2	22
813	8	1	21
814	7	1	21
815	6	1	21
816	5	1	21
817	6	2	22
818	5	1	21
819	4	1	21
820	3	1	21
