1	12	1	41
2	11	1	41
3	10	1	41
4	9	1	41
5	10	2	42
6	9	1	41
7	8	1	41
8	7	1	41
9	6	1	41
10	5	1	41
11	4	1	41
12	3	1	41
13	2	1	41
14	3	2	42
15	2	1	41
16	1	1	41
17	12	1	41
18	11	1	41
19	12	2	42
20	11	1	41
21	10	1	41
22	9	1	41
23	8	1	41
24	9	2	42
25	8	1	41
26	7	1	41
27	6	1	41
28	5	1	41
29	4	1	41
30	3	1	41
31	2	1	41
32	1	1	41
33	2	2	42
34	1	1	41
35	12	1	41
36	11	1	41
37	10	1	41
38	9	1	41
39	10	2	42
40	9	1	41
41	8	1	41
42	7	1	41
43	6	1	41
44	7	2	42
45	6	1	41
46	5	1	41
47	4	1	41
48	3	1	41
49	4	2	42
50	3	1	41
51	2	1	41
52	1	1	41
53	12	1	41
54	11	1	41
55	10	1	41
56	9	1	41
57	8	1	41
58	9	2	42
59	8	1	41
60	7	1	41
61	6	1	41
62	5	1	41
63	6	2	42
64	5	1	41
65	4	1	41
66	3	1	41
67	2	1	41
68	1	1	41
69	2	2	42
70	1	1	41
71	12	1	41
72	11	1	41
73	10	1	41
74	9	1	41
75	8	1	41
76	7	1	41
77	6	1	41
78	5	1	41
79	4	1	41
80	3	1	41
81	2	1	41
82	3	2	42
83	2	1	41
84	1	1	41
85	12	1	41
86	11	1	41
87	10	1	41
88	9	1	41
89	8	1	41
90	9	2	42
91	8	1	41
92	7	1	41
93	6	1	41
94	5	1	41
95	4	1	41
96	5	2	42
97	4	1	41
98	3	1	41
99	2	1	41
100	1	1	41
101	12	1	41
102	11	1	41
103	12	2	42
104	11	1	41
105	10	1	41
106	9	1	41
107	8	1	41
108	7	1	41
109	6	1	41
110	5	1	41
111	4	1	41
112	3	1	41
113	2	1	41
114	1	1	41
115	12	1	41
116	11	1	41
117	10	1	41
118	9	1	41
119	8	1	41
120	7	1	41
121	6	1	41
122	5	1	41
123	4	1	41
124	3	1	41
125	2	1	41
126	1	1	41
127	12	1	41
128	11	1	41
129	10	1	41
130	9	1	41
131	10	2	42
132	9	1	41
133	8	1	41
134	7	1	41
135	6	1	41
136	7	2	42
137	6	1	41
138	5	1	41
139	4	1	41
140	3	1	41
141	2	1	41
142	3	2	42
143	2	1	41
144	1	1	41
145	12	1	41
146	11	1	41
147	10	1	41
148	9	1	41
149	8	1	41
150	7	1	41
151	8	2	42
152	7	1	41
153	6	1	41
154	5	1	41
155	4	1	41
156	3	1	41
157	2	1	41
158	1	1	41
159	2	2	42
160	1	1	41
161	12	1	41
162	11	1	41
163	10	1	41
164	9	1	41
165	8	1	41
166	7	1	41
167	6	1	41
168	5	1	41
169	4	1	41
170	3	1	41
171	2	1	41
172	1	1	41
173	12	1	41
174	11	1	41
175	12	2	42
176	11	1	41
177	10	1	41
178	9	1	41
179	8	1	41
180	7	1	41
181	6	1	41
182	5	1	41
183	4	1	41
184	3	1	41
185	2	1	41
186	1	1	41
187	12	1	41
188	11	1	41
189	10	1	41
190	9	1	41
191	8	1	41
192	7	1	41
193	8	2	42
194	7	1	41
195	6	1	41
196	5	1	41
197	4	1	41
198	3	1	41
199	4	2	42
200	3	1	41
201	2	1	41
202	1	1	41
203	12	1	41
204	11	1	41
205	10	1	41
206	11	2	42
207	10	1	41
208	9	1	41
209	8	1	41
210	7	1	41
211	6	1	41
212	5	1	41
213	4	1	41
214	3	1	41
215	2	1	41
216	3	2	42
217	2	1	41
218	1	1	41
219	12	1	41
220	11	1	41
221	12	2	42
222	11	1	41
223	10	1	41
224	9	1	41
225	8	1	41
226	7	1	41
227	6	1	41
228	5	1	41
229	4	1	41
230	3	1	41
231	2	1	41
232	1	1	41
233	12	1	41
234	11	1	41
235	10	1	41
236	11	2	42
237	10	1	41
238	9	1	41
239	8	1	41
240	7	1	41
241	6	1	41
242	7	2	42
243	6	1	41
244	5	1	41
245	4	1	41
246	5	2	42
247	4	1	41
248	3	1	41
249	2	1	41
250	1	1	41
251	12	1	41
252	11	1	41
253	12	2	42
254	11	1	41
255	10	1	41
256	9	1	41
257	8	1	41
258	9	2	42
259	8	1	41
260	7	1	41
261	6	1	41
262	5	1	41
263	4	1	41
264	5	2	42
265	4	1	41
266	3	1	41
267	2	1	41
268	1	1	41
269	12	1	41
270	11	1	41
271	10	1	41
272	9	1	41
273	8	1	41
274	7	1	41
275	6	1	41
276	5	1	41
277	4	1	41
278	3	1	41
279	2	1	41
280	1	1	41
281	12	1	41
282	11	1	41
283	10	1	41
284	11	2	42
285	10	1	41
286	9	1	41
287	8	1	41
288	7	1	41
289	6	1	41
290	5	1	41
291	4	1	41
292	3	1	41
293	2	1	41
294	1	1	41
295	12	1	41
296	11	1	41
297	10	1	41
298	9	1	41
299	8	1	41
300	9	2	42
301	8	1	41
302	7	1	41
303	6	1	41
304	7	2	42
305	6	1	41
306	5	1	41
307	4	1	41
308	5	2	42
309	4	1	41
310	3	1	41
311	2	1	41
312	1	1	41
313	12	1	41
314	11	1	41
315	10	1	41
316	9	1	41
317	8	1	41
318	7	1	41
319	6	1	41
320	5	1	41
321	4	1	41
322	3	1	41
323	4	2	42
324	3	1	41
325	2	1	41
326	1	1	41
327	12	1	41
328	11	1	41
329	10	1	41
330	11	2	42
331	10	1	41
332	9	1	41
333	8	1	41
334	7	1	41
335	6	1	41
336	5	1	41
337	4	1	41
338	3	1	41
339	2	1	41
340	1	1	41
341	12	1	41
342	11	1	41
343	10	1	41
344	9	1	41
345	8	1	41
346	7	1	41
347	6	1	41
348	5	1	41
349	4	1	41
350	3	1	41
351	2	1	41
352	1	1	41
353	12	1	41
354	11	1	41
355	10	1	41
356	9	1	41
357	8	1	41
358	7	1	41
359	6	1	41
360	5	1	41
361	4	1	41
362	3	1	41
363	4	2	42
364	3	1	41
365	2	1	41
366	1	1	41
367	12	1	41
368	11	1	41
369	10	1	41
370	9	1	41
371	8	1	41
372	7	1	41
373	6	1	41
374	5	1	41
375	4	1	41
376	3	1	41
377	4	2	42
378	3	1	41
379	2	1	41
380	1	1	41
381	12	1	41
382	11	1	41
383	10	1	41
384	9	1	41
385	8	1	41
386	7	1	41
387	6	1	41
388	5	1	41
389	4	1	41
390	3	1	41
391	2	1	41
392	1	1	41
393	12	1	41
394	11	1	41
395	10	1	41
396	9	1	41
397	8	1	41
398	7	1	41
399	6	1	41
400	5	1	41
401	4	1	41
402	5	2	42
403	4	1	41
404	3	1	41
405	2	1	41
406	1	1	41
407	2	2	42
408	1	1	41
409	12	1	41
410	11	1	41
411	10	1	41
412	11	2	42
413	10	1	41
414	9	1	41
415	8	1	41
416	7	1	41
417	6	1	41
418	7	2	42
419	6	1	41
420	5	1	41
421	4	1	41
422	3	1	41
423	2	1	41
424	1	1	41
425	12	1	41
426	11	1	41
427	10	1	41
428	9	1	41
429	8	1	41
430	7	1	41
431	6	1	41
432	5	1	41
433	4	1	41
434	3	1	41
435	2	1	41
436	1	1	41
437	12	1	41
438	11	1	41
439	10	1	41
440	11	2	42
441	10	1	41
442	9	1	41
443	8	1	41
444	7	1	41
445	6	1	41
446	5	1	41
447	4	1	41
448	3	1	41
449	2	1	41
450	1	1	41
451	12	1	41
452	11	1	41
453	10	1	41
454	9	1	41
455	8	1	41
456	7	1	41
457	6	1	41
458	5	1	41
459	6	2	42
460	5	1	41
461	4	1	41
462	3	1	41
463	2	1	41
464	3	2	42
465	2	1	41
466	1	1	41
467	12	1	41
468	11	1	41
469	10	1	41
470	9	1	41
471	8	1	41
472	7	1	41
473	6	1	41
474	5	1	41
475	4	1	41
476	3	1	41
477	4	2	42
478	3	1	41
479	2	1	41
480	1	1	41
481	2	2	42
482	1	1	41
483	12	1	41
484	11	1	41
485	10	1	41
486	9	1	41
487	10	2	42
488	9	1	41
489	8	1	41
490	7	1	41
491	6	1	41
492	5	1	41
493	4	1	41
494	3	1	41
495	2	1	41
496	1	1	41
497	12	1	41
498	11	1	41
499	10	1	41
500	9	1	41
501	10	2	42
502	9	1	41
503	8	1	41
504	7	1	41
505	6	1	41
506	5	1	41
507	4	1	41
508	3	1	41
509	2	1	41
510	1	1	41
511	12	1	41
512	11	1	41
513	10	1	41
514	9	1	41
515	8	1	41
516	7	1	41
517	8	2	42
518	7	1	41
519	6	1	41
520	5	1	41
521	4	1	41
522	3	1	41
523	2	1	41
524	1	1	41
525	12	1	41
526	11	1	41
527	10	1	41
528	9	1	41
529	8	1	41
530	9	2	42
531	8	1	41
532	7	1	41
533	6	1	41
534	5	1	41
535	4	1	41
536	3	1	41
537	2	1	41
538	1	1	41
539	12	1	41
540	11	1	41
541	10	1	41
542	9	1	41
543	8	1	41
544	7	1	41
545	6	1	41
546	5	1	41
547	4	1	41
548	3	1	41
549	2	1	41
550	1	1	41
551	12	1	41
552	11	1	41
553	10	1	41
554	9	1	41
555	8	1	41
556	7	1	41
557	8	2	42
558	7	1	41
559	6	1	41
560	5	1	41
561	4	1	41
562	3	1	41
563	2	1	41
564	1	1	41
565	12	1	41
566	11	1	41
567	10	1	41
568	9	1	41
569	10	2	42
570	9	1	41
571	8	1	41
572	7	1	41
573	6	1	41
574	5	1	41
575	4	1	41
576	3	1	41
577	4	2	42
578	3	1	41
579	2	1	41
580	1	1	41
581	12	1	41
582	11	1	41
583	10	1	41
584	9	1	41
585	8	1	41
586	7	1	41
587	8	2	42
588	7	1	41
589	6	1	41
590	5	1	41
591	4	1	41
592	3	1	41
593	2	1	41
594	1	1	41
595	12	1	41
596	11	1	41
597	10	1	41
598	9	1	41
599	8	1	41
600	9	2	42
601	8	1	41
602	7	1	41
603	6	1	41
604	5	1	41
605	4	1	41
606	3	1	41
607	2	1	41
608	3	2	42
609	2	1	41
610	1	1	41
611	12	1	41
612	11	1	41
613	10	1	41
614	9	1	41
615	8	1	41
616	7	1	41
617	6	1	41
618	5	1	41
619	4	1	41
620	3	1	41
621	2	1	41
622	1	1	41
623	12	1	41
624	11	1	41
625	10	1	41
626	9	1	41
627	8	1	41
628	7	1	41
629	6	1	41
630	5	1	41
631	6	2	42
632	5	1	41
633	4	1	41
634	3	1	41
635	2	1	41
636	1	1	41
637	12	1	41
638	11	1	41
639	10	1	41
640	9	1	41
641	8	1	41
642	7	1	41
643	8	2	42
644	7	1	41
645	6	1	41
646	5	1	41
647	4	1	41
648	3	1	41
649	2	1	41
650	1	1	41
651	2	2	42
652	1	1	41
653	12	1	41
654	11	1	41
655	12	2	42
656	11	1	41
657	10	1	41
658	9	1	41
659	10	2	42
660	9	1	41
661	8	1	41
662	7	1	41
663	6	1	41
664	5	1	41
665	6	2	42
666	5	1	41
667	4	1	41
668	3	1	41
669	2	1	41
670	1	1	41
671	12	1	41
672	11	1	41
673	10	1	41
674	9	1	41
675	8	1	41
676	7	1	41
677	6	1	41
678	5	1	41
679	4	1	41
680	3	1	41
681	2	1	41
682	1	1	41
683	12	1	41
684	11	1	41
685	10	1	41
686	11	2	42
687	10	1	41
688	9	1	41
689	8	1	41
690	7	1	41
691	6	1	41
692	5	1	41
693	6	2	42
694	5	1	41
695	4	1	41
696	3	1	41
697	2	1	41
698	1	1	41
699	12	1	41
700	11	1	41
701	10	1	41
702	9	1	41
703	8	1	41
704	7	1	41
705	6	1	41
706	5	1	41
707	6	2	42
708	5	1	41
709	4	1	41
710	3	1	41
711	2	1	41
712	1	1	41
713	12	1	41
714	11	1	41
715	10	1	41
716	9	1	41
717	8	1	41
718	7	1	41
719	6	1	41
720	5	1	41
721	6	2	42
722	5	1	41
723	4	1	41
724	3	1	41
725	2	1	41
726	1	1	41
727	12	1	41
728	11	1	41
729	10	1	41
730	9	1	41
731	8	1	41
732	7	1	41
733	6	1	41
734	5	1	41
735	4	1	41
736	3	1	41
737	2	1	41
738	1	1	41
739	12	1	41
740	11	1	41
741	10	1	41
742	9	1	41
743	8	1	41
744	7	1	41
745	6	1	41
746	5	1	41
747	4	1	41
748	3	1	41
749	2	1	41
750	1	1	41
751	12	1	41
752	11	1	41
753	10	1	41
754	9	1	41
755	8	1	41
756	7	1	41
757	6	1	41
758	5	1	41
759	4	1	41
760	5	2	42
761	4	1	41
762	3	1	41
763	2	1	41
764	1	1	41
765	12	1	41
766	11	1	41
767	10	1	41
768	9	1	41
769	8	1	41
770	7	1	41
771	6	1	41
772	5	1	41
773	4	1	41
774	3	1	41
775	2	1	41
776	1	1	41
777	12	1	41
778	11	1	41
779	10	1	41
780	9	1	41
781	8	1	41
782	7	1	41
783	6	1	41
784	5	1	41
785	4	1	41
786	5	2	42
787	4	1	41
788	3	1	41
789	2	1	41
790	1	1	41
791	2	2	42
792	1	1	41
793	12	1	41
794	11	1	41
795	10	1	41
796	9	1	41
797	8	1	41
798	7	1	41
799	6	1	41
800	7	2	42
801	6	1	41
802	5	1	41
803	4	1	41
804	3	1	41
805	2	1	41
806	3	2	42
807	2	1	41
808	1	1	41
809	12	1	41
810	11	1	41
811	10	1	41
812	9	1	41
813	8	1	41
814	7	1	41
815	8	2	42
816	7	1	41
817	6	1	41
818	5	1	41
819	4	1	41
820	3	1	41
