1	12	1	21
2	11	1	21
3	10	1	21
4	9	1	21
5	8	1	21
6	7	1	21
7	6	1	21
8	5	1	21
9	4	1	21
10	3	1	21
11	2	1	21
12	1	1	21
13	12	1	21
14	11	1	21
15	10	1	21
16	9	1	21
17	8	1	21
18	7	1	21
19	6	1	21
20	5	1	21
21	6	2	22
22	5	1	21
23	4	1	21
24	3	1	21
25	4	2	22
26	3	1	21
27	2	1	21
28	1	1	21
29	12	1	21
30	11	1	21
31	10	1	21
32	9	1	21
33	8	1	21
34	9	2	22
35	8	1	21
36	7	1	21
37	6	1	21
38	5	1	21
39	4	1	21
40	3	1	21
41	2	1	21
42	1	1	21
43	2	2	22
44	1	1	21
45	12	1	21
46	11	1	21
47	12	2	22
48	11	1	21
49	10	1	21
50	9	1	21
51	10	2	22
52	9	1	21
53	8	1	21
54	7	1	21
55	6	1	21
56	5	1	21
57	4	1	21
58	3	1	21
59	2	1	21
60	1	1	21
61	12	1	21
62	11	1	21
63	10	1	21
64	9	1	21
65	10	2	22
66	9	1	21
67	8	1	21
68	7	1	21
69	6	1	21
70	7	2	22
71	6	1	21
72	5	1	21
73	4	1	21
74	3	1	21
75	2	1	21
76	3	2	22
77	2	1	21
78	1	1	21
79	12	1	21
80	11	1	21
81	10	1	21
82	9	1	21
83	10	2	22
84	9	1	21
85	8	1	21
86	7	1	21
87	6	1	21
88	5	1	21
89	4	1	21
90	5	2	22
91	4	1	21
92	3	1	21
93	2	1	21
94	1	1	21
95	12	1	21
96	11	1	21
97	10	1	21
98	11	2	22
99	10	1	21
100	9	1	21
101	8	1	21
102	7	1	21
103	6	1	21
104	5	1	21
105	4	1	21
106	5	2	22
107	4	1	21
108	3	1	21
109	2	1	21
110	1	1	21
111	12	1	21
112	11	1	21
113	10	1	21
114	9	1	21
115	8	1	21
116	7	1	21
117	6	1	21
118	5	1	21
119	4	1	21
120	3	1	21
121	4	2	22
122	3	1	21
123	2	1	21
124	1	1	21
125	12	1	21
126	11	1	21
127	10	1	21
128	9	1	21
129	8	1	21
130	7	1	21
131	6	1	21
132	5	1	21
133	4	1	21
134	3	1	21
135	2	1	21
136	1	1	21
137	12	1	21
138	11	1	21
139	10	1	21
140	9	1	21
141	8	1	21
142	7	1	21
143	6	1	21
144	5	1	21
145	4	1	21
146	3	1	21
147	4	2	22
148	3	1	21
149	2	1	21
150	1	1	21
151	12	1	21
152	11	1	21
153	10	1	21
154	9	1	21
155	8	1	21
156	7	1	21
157	6	1	21
158	5	1	21
159	4	1	21
160	5	2	22
161	4	1	21
162	3	1	21
163	2	1	21
164	1	1	21
165	12	1	21
166	11	1	21
167	10	1	21
168	9	1	21
169	8	1	21
170	7	1	21
171	6	1	21
172	5	1	21
173	4	1	21
174	3	1	21
175	2	1	21
176	1	1	21
177	12	1	21
178	11	1	21
179	10	1	21
180	9	1	21
181	8	1	21
182	9	2	22
183	8	1	21
184	7	1	21
185	6	1	21
186	5	1	21
187	4	1	21
188	3	1	21
189	2	1	21
190	1	1	21
191	12	1	21
192	11	1	21
193	12	2	22
194	11	1	21
195	10	1	21
196	9	1	21
197	10	2	22
198	9	1	21
199	8	1	21
200	7	1	21
201	6	1	21
202	5	1	21
203	6	2	22
204	5	1	21
205	4	1	21
206	3	1	21
207	2	1	21
208	3	2	22
209	2	1	21
210	1	1	21
211	12	1	21
212	11	1	21
213	10	1	21
214	9	1	21
215	8	1	21
216	7	1	21
217	6	1	21
218	5	1	21
219	6	2	22
220	5	1	21
221	4	1	21
222	3	1	21
223	2	1	21
224	1	1	21
225	12	1	21
226	11	1	21
227	10	1	21
228	9	1	21
229	8	1	21
230	7	1	21
231	6	1	21
232	7	2	22
233	6	1	21
234	5	1	21
235	4	1	21
236	3	1	21
237	4	2	22
238	3	1	21
239	2	1	21
240	1	1	21
241	12	1	21
242	11	1	21
243	10	1	21
244	9	1	21
245	8	1	21
246	9	2	22
247	8	1	21
248	7	1	21
249	6	1	21
250	5	1	21
251	4	1	21
252	3	1	21
253	2	1	21
254	1	1	21
255	12	1	21
256	11	1	21
257	10	1	21
258	9	1	21
259	10	2	22
260	9	1	21
261	8	1	21
262	7	1	21
263	8	2	22
264	7	1	21
265	6	1	21
266	5	1	21
267	4	1	21
268	5	2	22
269	4	1	21
270	3	1	21
271	2	1	21
272	1	1	21
273	12	1	21
274	1	2	22
275	12	1	21
276	11	1	21
277	10	1	21
278	9	1	21
279	8	1	21
280	7	1	21
281	6	1	21
282	5	1	21
283	4	1	21
284	3	1	21
285	2	1	21
286	3	2	22
287	2	1	21
288	1	1	21
289	12	1	21
290	11	1	21
291	12	2	22
292	11	1	21
293	10	1	21
294	9	1	21
295	8	1	21
296	7	1	21
297	6	1	21
298	5	1	21
299	4	1	21
300	3	1	21
301	2	1	21
302	1	1	21
303	12	1	21
304	11	1	21
305	12	2	22
306	11	1	21
307	10	1	21
308	9	1	21
309	8	1	21
310	7	1	21
311	6	1	21
312	5	1	21
313	4	1	21
314	3	1	21
315	2	1	21
316	1	1	21
317	12	1	21
318	11	1	21
319	10	1	21
320	9	1	21
321	8	1	21
322	7	1	21
323	6	1	21
324	7	2	22
325	6	1	21
326	5	1	21
327	4	1	21
328	3	1	21
329	2	1	21
330	1	1	21
331	12	1	21
332	11	1	21
333	10	1	21
334	11	2	22
335	10	1	21
336	9	1	21
337	8	1	21
338	7	1	21
339	6	1	21
340	5	1	21
341	4	1	21
342	3	1	21
343	4	2	22
344	3	1	21
345	2	1	21
346	1	1	21
347	2	2	22
348	1	1	21
349	12	1	21
350	11	1	21
351	10	1	21
352	9	1	21
353	8	1	21
354	7	1	21
355	8	2	22
356	7	1	21
357	6	1	21
358	5	1	21
359	4	1	21
360	3	1	21
361	2	1	21
362	1	1	21
363	2	2	22
364	1	1	21
365	12	1	21
366	11	1	21
367	10	1	21
368	9	1	21
369	10	2	22
370	9	1	21
371	8	1	21
372	7	1	21
373	6	1	21
374	5	1	21
375	4	1	21
376	3	1	21
377	2	1	21
378	1	1	21
379	2	2	22
380	1	1	21
381	12	1	21
382	11	1	21
383	10	1	21
384	9	1	21
385	8	1	21
386	7	1	21
387	8	2	22
388	7	1	21
389	6	1	21
390	5	1	21
391	4	1	21
392	3	1	21
393	2	1	21
394	3	2	22
395	2	1	21
396	1	1	21
397	12	1	21
398	11	1	21
399	10	1	21
400	9	1	21
401	8	1	21
402	7	1	21
403	6	1	21
404	5	1	21
405	4	1	21
406	3	1	21
407	2	1	21
408	1	1	21
409	12	1	21
410	11	1	21
411	10	1	21
412	9	1	21
413	8	1	21
414	7	1	21
415	6	1	21
416	5	1	21
417	4	1	21
418	3	1	21
419	2	1	21
420	1	1	21
421	12	1	21
422	11	1	21
423	10	1	21
424	11	2	22
425	10	1	21
426	9	1	21
427	8	1	21
428	9	2	22
429	8	1	21
430	7	1	21
431	6	1	21
432	5	1	21
433	4	1	21
434	3	1	21
435	2	1	21
436	1	1	21
437	12	1	21
438	11	1	21
439	10	1	21
440	11	2	22
441	10	1	21
442	9	1	21
443	8	1	21
444	7	1	21
445	8	2	22
446	7	1	21
447	6	1	21
448	5	1	21
449	4	1	21
450	3	1	21
451	2	1	21
452	1	1	21
453	12	1	21
454	1	2	22
455	12	1	21
456	11	1	21
457	10	1	21
458	9	1	21
459	8	1	21
460	9	2	22
461	8	1	21
462	7	1	21
463	6	1	21
464	5	1	21
465	4	1	21
466	5	2	22
467	4	1	21
468	3	1	21
469	2	1	21
470	1	1	21
471	12	1	21
472	1	2	22
473	12	1	21
474	11	1	21
475	10	1	21
476	9	1	21
477	8	1	21
478	7	1	21
479	6	1	21
480	5	1	21
481	4	1	21
482	3	1	21
483	2	1	21
484	1	1	21
485	12	1	21
486	11	1	21
487	10	1	21
488	9	1	21
489	8	1	21
490	7	1	21
491	6	1	21
492	5	1	21
493	4	1	21
494	3	1	21
495	2	1	21
496	1	1	21
497	12	1	21
498	11	1	21
499	10	1	21
500	9	1	21
501	8	1	21
502	7	1	21
503	6	1	21
504	7	2	22
505	6	1	21
506	5	1	21
507	4	1	21
508	3	1	21
509	2	1	21
510	1	1	21
511	2	2	22
512	1	1	21
513	12	1	21
514	11	1	21
515	12	2	22
516	11	1	21
517	10	1	21
518	9	1	21
519	8	1	21
520	7	1	21
521	8	2	22
522	7	1	21
523	6	1	21
524	5	1	21
525	4	1	21
526	3	1	21
527	2	1	21
528	1	1	21
529	12	1	21
530	11	1	21
531	10	1	21
532	9	1	21
533	8	1	21
534	7	1	21
535	6	1	21
536	7	2	22
537	6	1	21
538	5	1	21
539	4	1	21
540	3	1	21
541	2	1	21
542	1	1	21
543	12	1	21
544	11	1	21
545	10	1	21
546	9	1	21
547	8	1	21
548	7	1	21
549	6	1	21
550	7	2	22
551	6	1	21
552	5	1	21
553	4	1	21
554	3	1	21
555	2	1	21
556	1	1	21
557	12	1	21
558	1	2	22
559	12	1	21
560	11	1	21
561	10	1	21
562	9	1	21
563	8	1	21
564	7	1	21
565	6	1	21
566	5	1	21
567	4	1	21
568	3	1	21
569	2	1	21
570	1	1	21
571	12	1	21
572	11	1	21
573	10	1	21
574	9	1	21
575	8	1	21
576	7	1	21
577	6	1	21
578	5	1	21
579	4	1	21
580	3	1	21
581	4	2	22
582	3	1	21
583	2	1	21
584	1	1	21
585	12	1	21
586	1	2	22
587	12	1	21
588	11	1	21
589	10	1	21
590	9	1	21
591	8	1	21
592	7	1	21
593	6	1	21
594	5	1	21
595	4	1	21
596	3	1	21
597	2	1	21
598	1	1	21
599	12	1	21
600	11	1	21
601	10	1	21
602	11	2	22
603	10	1	21
604	9	1	21
605	8	1	21
606	7	1	21
607	6	1	21
608	5	1	21
609	4	1	21
610	5	2	22
611	4	1	21
612	3	1	21
613	2	1	21
614	1	1	21
615	12	1	21
616	11	1	21
617	10	1	21
618	9	1	21
619	10	2	22
620	9	1	21
621	8	1	21
622	7	1	21
623	6	1	21
624	5	1	21
625	6	2	22
626	5	1	21
627	4	1	21
628	3	1	21
629	2	1	21
630	1	1	21
631	12	1	21
632	1	2	22
633	12	1	21
634	11	1	21
635	10	1	21
636	9	1	21
637	8	1	21
638	7	1	21
639	6	1	21
640	5	1	21
641	6	2	22
642	5	1	21
643	4	1	21
644	3	1	21
645	2	1	21
646	3	2	22
647	2	1	21
648	1	1	21
649	12	1	21
650	11	1	21
651	10	1	21
652	9	1	21
653	8	1	21
654	7	1	21
655	8	2	22
656	7	1	21
657	6	1	21
658	5	1	21
659	4	1	21
660	3	1	21
661	2	1	21
662	1	1	21
663	12	1	21
664	11	1	21
665	10	1	21
666	9	1	21
667	8	1	21
668	7	1	21
669	6	1	21
670	5	1	21
671	4	1	21
672	3	1	21
673	2	1	21
674	1	1	21
675	12	1	21
676	11	1	21
677	10	1	21
678	9	1	21
679	8	1	21
680	7	1	21
681	6	1	21
682	5	1	21
683	4	1	21
684	3	1	21
685	2	1	21
686	1	1	21
687	12	1	21
688	11	1	21
689	10	1	21
690	9	1	21
691	8	1	21
692	7	1	21
693	6	1	21
694	5	1	21
695	6	2	22
696	5	1	21
697	4	1	21
698	3	1	21
699	2	1	21
700	1	1	21
701	12	1	21
702	11	1	21
703	12	2	22
704	11	1	21
705	10	1	21
706	9	1	21
707	8	1	21
708	7	1	21
709	6	1	21
710	5	1	21
711	4	1	21
712	3	1	21
713	2	1	21
714	1	1	21
715	12	1	21
716	11	1	21
717	10	1	21
718	9	1	21
719	8	1	21
720	7	1	21
721	6	1	21
722	5	1	21
723	4	1	21
724	3	1	21
725	2	1	21
726	1	1	21
727	12	1	21
728	1	2	22
729	12	1	21
730	11	1	21
731	10	1	21
732	9	1	21
733	8	1	21
734	7	1	21
735	6	1	21
736	5	1	21
737	4	1	21
738	3	1	21
739	2	1	21
740	1	1	21
741	2	2	22
742	1	1	21
743	12	1	21
744	11	1	21
745	10	1	21
746	9	1	21
747	8	1	21
748	7	1	21
749	6	1	21
750	5	1	21
751	4	1	21
752	3	1	21
753	2	1	21
754	3	2	22
755	2	1	21
756	1	1	21
757	12	1	21
758	11	1	21
759	10	1	21
760	9	1	21
761	8	1	21
762	9	2	22
763	8	1	21
764	7	1	21
765	6	1	21
766	5	1	21
767	4	1	21
768	3	1	21
769	2	1	21
770	1	1	21
771	12	1	21
772	11	1	21
773	10	1	21
774	9	1	21
775	8	1	21
776	7	1	21
777	6	1	21
778	5	1	21
779	4	1	21
780	3	1	21
781	2	1	21
782	1	1	21
783	12	1	21
784	11	1	21
785	10	1	21
786	9	1	21
787	8	1	21
788	7	1	21
789	6	1	21
790	5	1	21
791	4	1	21
792	3	1	21
793	4	2	22
794	3	1	21
795	2	1	21
796	1	1	21
797	12	1	21
798	11	1	21
799	10	1	21
800	11	2	22
801	10	1	21
802	9	1	21
803	8	1	21
804	7	1	21
805	6	1	21
806	5	1	21
807	4	1	21
808	3	1	21
809	2	1	21
810	1	1	21
811	12	1	21
812	11	1	21
813	10	1	21
814	9	1	21
815	8	1	21
816	7	1	21
817	6	1	21
818	5	1	21
819	4	1	21
820	3	1	21
