1	12	1	21
2	11	1	21
3	10	1	21
4	9	1	21
5	8	1	21
6	9	2	22
7	8	1	21
8	7	1	21
9	6	1	21
10	5	1	21
11	4	1	21
12	3	1	21
13	2	1	21
14	1	1	21
15	2	2	22
16	1	1	21
17	12	1	21
18	11	1	21
19	12	2	22
20	11	1	21
21	10	1	21
22	9	1	21
23	8	1	21
24	7	1	21
25	6	1	21
26	5	1	21
27	4	1	21
28	3	1	21
29	2	1	21
30	1	1	21
31	12	1	21
32	11	1	21
33	10	1	21
34	9	1	21
35	8	1	21
36	7	1	21
37	8	2	22
38	7	1	21
39	6	1	21
40	5	1	21
41	4	1	21
42	3	1	21
43	2	1	21
44	1	1	21
45	12	1	21
46	11	1	21
47	12	2	22
48	11	1	21
49	10	1	21
50	9	1	21
51	8	1	21
52	9	2	22
53	8	1	21
54	7	1	21
55	6	1	21
56	5	1	21
57	4	1	21
58	3	1	21
59	2	1	21
60	1	1	21
61	12	1	21
62	11	1	21
63	10	1	21
64	9	1	21
65	8	1	21
66	7	1	21
67	6	1	21
68	5	1	21
69	6	2	22
70	5	1	21
71	4	1	21
72	3	1	21
73	2	1	21
74	1	1	21
75	12	1	21
76	11	1	21
77	10	1	21
78	9	1	21
79	8	1	21
80	7	1	21
81	6	1	21
82	7	2	22
83	6	1	21
84	5	1	21
85	4	1	21
86	3	1	21
87	2	1	21
88	3	2	22
89	2	1	21
90	1	1	21
91	12	1	21
92	11	1	21
93	12	2	22
94	11	1	21
95	10	1	21
96	9	1	21
97	8	1	21
98	7	1	21
99	6	1	21
100	5	1	21
101	4	1	21
102	3	1	21
103	2	1	21
104	3	2	22
105	2	1	21
106	1	1	21
107	12	1	21
108	11	1	21
109	10	1	21
110	9	1	21
111	8	1	21
112	7	1	21
113	6	1	21
114	5	1	21
115	4	1	21
116	3	1	21
117	4	2	22
118	3	1	21
119	2	1	21
120	1	1	21
121	12	1	21
122	11	1	21
123	10	1	21
124	9	1	21
125	8	1	21
126	7	1	21
127	6	1	21
128	5	1	21
129	4	1	21
130	3	1	21
131	2	1	21
132	1	1	21
133	12	1	21
134	11	1	21
135	10	1	21
136	9	1	21
137	8	1	21
138	7	1	21
139	6	1	21
140	5	1	21
141	4	1	21
142	3	1	21
143	4	2	22
144	3	1	21
145	2	1	21
146	1	1	21
147	12	1	21
148	11	1	21
149	10	1	21
150	11	2	22
151	10	1	21
152	9	1	21
153	8	1	21
154	7	1	21
155	6	1	21
156	7	2	22
157	6	1	21
158	5	1	21
159	4	1	21
160	3	1	21
161	2	1	21
162	1	1	21
163	12	1	21
164	11	1	21
165	10	1	21
166	9	1	21
167	8	1	21
168	7	1	21
169	6	1	21
170	7	2	22
171	6	1	21
172	5	1	21
173	4	1	21
174	3	1	21
175	4	2	22
176	3	1	21
177	2	1	21
178	1	1	21
179	12	1	21
180	11	1	21
181	10	1	21
182	9	1	21
183	8	1	21
184	7	1	21
185	6	1	21
186	5	1	21
187	4	1	21
188	5	2	22
189	4	1	21
190	3	1	21
191	2	1	21
192	1	1	21
193	2	2	22
194	1	1	21
195	12	1	21
196	11	1	21
197	10	1	21
198	9	1	21
199	8	1	21
200	7	1	21
201	6	1	21
202	5	1	21
203	4	1	21
204	3	1	21
205	2	1	21
206	1	1	21
207	12	1	21
208	11	1	21
209	10	1	21
210	9	1	21
211	8	1	21
212	7	1	21
213	6	1	21
214	7	2	22
215	6	1	21
216	5	1	21
217	4	1	21
218	3	1	21
219	2	1	21
220	1	1	21
221	12	1	21
222	1	2	22
223	12	1	21
224	11	1	21
225	10	1	21
226	9	1	21
227	8	1	21
228	7	1	21
229	6	1	21
230	5	1	21
231	4	1	21
232	3	1	21
233	4	2	22
234	3	1	21
235	2	1	21
236	1	1	21
237	2	2	22
238	1	1	21
239	12	1	21
240	11	1	21
241	10	1	21
242	9	1	21
243	10	2	22
244	9	1	21
245	8	1	21
246	7	1	21
247	6	1	21
248	5	1	21
249	4	1	21
250	3	1	21
251	2	1	21
252	1	1	21
253	12	1	21
254	11	1	21
255	10	1	21
256	9	1	21
257	8	1	21
258	7	1	21
259	6	1	21
260	5	1	21
261	4	1	21
262	5	2	22
263	4	1	21
264	3	1	21
265	2	1	21
266	1	1	21
267	12	1	21
268	11	1	21
269	10	1	21
270	9	1	21
271	10	2	22
272	9	1	21
273	8	1	21
274	7	1	21
275	6	1	21
276	5	1	21
277	4	1	21
278	3	1	21
279	2	1	21
280	1	1	21
281	2	2	22
282	1	1	21
283	12	1	21
284	11	1	21
285	10	1	21
286	9	1	21
287	8	1	21
288	7	1	21
289	6	1	21
290	5	1	21
291	4	1	21
292	5	2	22
293	4	1	21
294	3	1	21
295	2	1	21
296	1	1	21
297	12	1	21
298	11	1	21
299	10	1	21
300	9	1	21
301	8	1	21
302	9	2	22
303	8	1	21
304	7	1	21
305	6	1	21
306	5	1	21
307	4	1	21
308	3	1	21
309	2	1	21
310	1	1	21
311	12	1	21
312	1	2	22
313	12	1	21
314	11	1	21
315	10	1	21
316	9	1	21
317	8	1	21
318	7	1	21
319	6	1	21
320	5	1	21
321	4	1	21
322	3	1	21
323	2	1	21
324	1	1	21
325	12	1	21
326	1	2	22
327	12	1	21
328	11	1	21
329	10	1	21
330	9	1	21
331	10	2	22
332	9	1	21
333	8	1	21
334	7	1	21
335	8	2	22
336	7	1	21
337	6	1	21
338	5	1	21
339	4	1	21
340	3	1	21
341	2	1	21
342	1	1	21
343	12	1	21
344	11	1	21
345	12	2	22
346	11	1	21
347	10	1	21
348	9	1	21
349	8	1	21
350	7	1	21
351	6	1	21
352	5	1	21
353	4	1	21
354	3	1	21
355	2	1	21
356	1	1	21
357	12	1	21
358	11	1	21
359	10	1	21
360	9	1	21
361	8	1	21
362	7	1	21
363	6	1	21
364	5	1	21
365	4	1	21
366	3	1	21
367	2	1	21
368	1	1	21
369	12	1	21
370	11	1	21
371	10	1	21
372	9	1	21
373	8	1	21
374	7	1	21
375	8	2	22
376	7	1	21
377	6	1	21
378	5	1	21
379	4	1	21
380	3	1	21
381	2	1	21
382	1	1	21
383	12	1	21
384	11	1	21
385	10	1	21
386	9	1	21
387	8	1	21
388	7	1	21
389	6	1	21
390	5	1	21
391	4	1	21
392	3	1	21
393	2	1	21
394	1	1	21
395	12	1	21
396	11	1	21
397	10	1	21
398	9	1	21
399	8	1	21
400	7	1	21
401	6	1	21
402	5	1	21
403	4	1	21
404	5	2	22
405	4	1	21
406	3	1	21
407	2	1	21
408	1	1	21
409	12	1	21
410	11	1	21
411	10	1	21
412	9	1	21
413	10	2	22
414	9	1	21
415	8	1	21
416	7	1	21
417	6	1	21
418	5	1	21
419	4	1	21
420	3	1	21
421	2	1	21
422	1	1	21
423	12	1	21
424	11	1	21
425	10	1	21
426	9	1	21
427	8	1	21
428	7	1	21
429	6	1	21
430	5	1	21
431	4	1	21
432	3	1	21
433	2	1	21
434	1	1	21
435	12	1	21
436	11	1	21
437	10	1	21
438	9	1	21
439	8	1	21
440	7	1	21
441	6	1	21
442	5	1	21
443	4	1	21
444	3	1	21
445	2	1	21
446	3	2	22
447	2	1	21
448	1	1	21
449	12	1	21
450	11	1	21
451	10	1	21
452	11	2	22
453	10	1	21
454	9	1	21
455	8	1	21
456	7	1	21
457	6	1	21
458	7	2	22
459	6	1	21
460	5	1	21
461	4	1	21
462	3	1	21
463	2	1	21
464	1	1	21
465	12	1	21
466	11	1	21
467	10	1	21
468	9	1	21
469	8	1	21
470	7	1	21
471	6	1	21
472	7	2	22
473	6	1	21
474	5	1	21
475	4	1	21
476	3	1	21
477	2	1	21
478	1	1	21
479	12	1	21
480	11	1	21
481	10	1	21
482	11	2	22
483	10	1	21
484	9	1	21
485	8	1	21
486	7	1	21
487	6	1	21
488	5	1	21
489	6	2	22
490	5	1	21
491	4	1	21
492	3	1	21
493	2	1	21
494	1	1	21
495	12	1	21
496	11	1	21
497	10	1	21
498	9	1	21
499	8	1	21
500	9	2	22
501	8	1	21
502	7	1	21
503	6	1	21
504	5	1	21
505	6	2	22
506	5	1	21
507	4	1	21
508	3	1	21
509	2	1	21
510	1	1	21
511	12	1	21
512	11	1	21
513	12	2	22
514	11	1	21
515	10	1	21
516	9	1	21
517	8	1	21
518	7	1	21
519	6	1	21
520	5	1	21
521	6	2	22
522	5	1	21
523	4	1	21
524	3	1	21
525	2	1	21
526	3	2	22
527	2	1	21
528	1	1	21
529	12	1	21
530	11	1	21
531	10	1	21
532	9	1	21
533	8	1	21
534	7	1	21
535	6	1	21
536	5	1	21
537	4	1	21
538	3	1	21
539	2	1	21
540	1	1	21
541	12	1	21
542	1	2	22
543	12	1	21
544	11	1	21
545	10	1	21
546	9	1	21
547	8	1	21
548	7	1	21
549	6	1	21
550	5	1	21
551	4	1	21
552	3	1	21
553	4	2	22
554	3	1	21
555	2	1	21
556	1	1	21
557	12	1	21
558	1	2	22
559	12	1	21
560	11	1	21
561	10	1	21
562	9	1	21
563	8	1	21
564	9	2	22
565	8	1	21
566	7	1	21
567	6	1	21
568	5	1	21
569	4	1	21
570	3	1	21
571	2	1	21
572	1	1	21
573	12	1	21
574	11	1	21
575	10	1	21
576	9	1	21
577	8	1	21
578	7	1	21
579	8	2	22
580	7	1	21
581	6	1	21
582	5	1	21
583	4	1	21
584	5	2	22
585	4	1	21
586	3	1	21
587	2	1	21
588	1	1	21
589	2	2	22
590	1	1	21
591	12	1	21
592	11	1	21
593	10	1	21
594	9	1	21
595	8	1	21
596	7	1	21
597	6	1	21
598	5	1	21
599	4	1	21
600	3	1	21
601	2	1	21
602	1	1	21
603	12	1	21
604	11	1	21
605	10	1	21
606	9	1	21
607	8	1	21
608	7	1	21
609	6	1	21
610	5	1	21
611	4	1	21
612	3	1	21
613	4	2	22
614	3	1	21
615	2	1	21
616	1	1	21
617	12	1	21
618	11	1	21
619	10	1	21
620	11	2	22
621	10	1	21
622	9	1	21
623	8	1	21
624	7	1	21
625	6	1	21
626	5	1	21
627	4	1	21
628	3	1	21
629	2	1	21
630	1	1	21
631	12	1	21
632	1	2	22
633	12	1	21
634	11	1	21
635	10	1	21
636	11	2	22
637	10	1	21
638	9	1	21
639	8	1	21
640	7	1	21
641	6	1	21
642	5	1	21
643	4	1	21
644	3	1	21
645	2	1	21
646	1	1	21
647	12	1	21
648	11	1	21
649	12	2	22
650	11	1	21
651	10	1	21
652	9	1	21
653	8	1	21
654	7	1	21
655	8	2	22
656	7	1	21
657	6	1	21
658	5	1	21
659	4	1	21
660	5	2	22
661	4	1	21
662	3	1	21
663	2	1	21
664	1	1	21
665	12	1	21
666	1	2	22
667	12	1	21
668	11	1	21
669	10	1	21
670	9	1	21
671	10	2	22
672	9	1	21
673	8	1	21
674	7	1	21
675	6	1	21
676	5	1	21
677	6	2	22
678	5	1	21
679	4	1	21
680	3	1	21
681	2	1	21
682	1	1	21
683	12	1	21
684	11	1	21
685	10	1	21
686	9	1	21
687	8	1	21
688	7	1	21
689	6	1	21
690	5	1	21
691	4	1	21
692	3	1	21
693	2	1	21
694	3	2	22
695	2	1	21
696	1	1	21
697	12	1	21
698	11	1	21
699	10	1	21
700	9	1	21
701	8	1	21
702	9	2	22
703	8	1	21
704	7	1	21
705	6	1	21
706	5	1	21
707	4	1	21
708	3	1	21
709	2	1	21
710	1	1	21
711	12	1	21
712	11	1	21
713	10	1	21
714	11	2	22
715	10	1	21
716	9	1	21
717	8	1	21
718	7	1	21
719	6	1	21
720	5	1	21
721	4	1	21
722	3	1	21
723	2	1	21
724	1	1	21
725	12	1	21
726	11	1	21
727	10	1	21
728	9	1	21
729	10	2	22
730	9	1	21
731	8	1	21
732	7	1	21
733	6	1	21
734	5	1	21
735	4	1	21
736	3	1	21
737	2	1	21
738	1	1	21
739	2	2	22
740	1	1	21
741	12	1	21
742	11	1	21
743	10	1	21
744	9	1	21
745	8	1	21
746	7	1	21
747	6	1	21
748	5	1	21
749	4	1	21
750	3	1	21
751	2	1	21
752	1	1	21
753	12	1	21
754	11	1	21
755	10	1	21
756	9	1	21
757	8	1	21
758	7	1	21
759	6	1	21
760	5	1	21
761	6	2	22
762	5	1	21
763	4	1	21
764	3	1	21
765	2	1	21
766	3	2	22
767	2	1	21
768	1	1	21
769	12	1	21
770	11	1	21
771	10	1	21
772	9	1	21
773	8	1	21
774	7	1	21
775	8	2	22
776	7	1	21
777	6	1	21
778	5	1	21
779	4	1	21
780	3	1	21
781	2	1	21
782	1	1	21
783	12	1	21
784	11	1	21
785	10	1	21
786	9	1	21
787	8	1	21
788	7	1	21
789	6	1	21
790	5	1	21
791	4	1	21
792	3	1	21
793	2	1	21
794	1	1	21
795	12	1	21
796	11	1	21
797	12	2	22
798	11	1	21
799	10	1	21
800	9	1	21
801	8	1	21
802	7	1	21
803	6	1	21
804	5	1	21
805	4	1	21
806	3	1	21
807	2	1	21
808	1	1	21
809	12	1	21
810	11	1	21
811	10	1	21
812	9	1	21
813	8	1	21
814	7	1	21
815	6	1	21
816	5	1	21
817	6	2	22
818	5	1	21
819	4	1	21
820	3	1	21
