1	12	1	21
2	11	1	21
3	10	1	21
4	9	1	21
5	10	2	22
6	9	1	21
7	8	1	21
8	7	1	21
9	6	1	21
10	5	1	21
11	4	1	21
12	3	1	21
13	2	1	21
14	1	1	21
15	12	1	21
16	11	1	21
17	10	1	21
18	9	1	21
19	8	1	21
20	9	2	22
21	8	1	21
22	7	1	21
23	6	1	21
24	5	1	21
25	4	1	21
26	3	1	21
27	2	1	21
28	1	1	21
29	12	1	21
30	11	1	21
31	10	1	21
32	11	2	22
33	10	1	21
34	9	1	21
35	8	1	21
36	7	1	21
37	6	1	21
38	5	1	21
39	4	1	21
40	5	2	22
41	4	1	21
42	3	1	21
43	2	1	21
44	1	1	21
45	12	1	21
46	11	1	21
47	10	1	21
48	9	1	21
49	8	1	21
50	7	1	21
51	6	1	21
52	7	2	22
53	6	1	21
54	5	1	21
55	4	1	21
56	3	1	21
57	2	1	21
58	1	1	21
59	12	1	21
60	11	1	21
61	10	1	21
62	9	1	21
63	8	1	21
64	7	1	21
65	6	1	21
66	5	1	21
67	6	2	22
68	5	1	21
69	4	1	21
70	3	1	21
71	2	1	21
72	1	1	21
73	12	1	21
74	11	1	21
75	10	1	21
76	9	1	21
77	8	1	21
78	7	1	21
79	6	1	21
80	5	1	21
81	4	1	21
82	3	1	21
83	2	1	21
84	1	1	21
85	12	1	21
86	11	1	21
87	10	1	21
88	9	1	21
89	8	1	21
90	7	1	21
91	6	1	21
92	5	1	21
93	4	1	21
94	3	1	21
95	2	1	21
96	1	1	21
97	2	2	22
98	1	1	21
99	12	1	21
100	11	1	21
101	10	1	21
102	9	1	21
103	8	1	21
104	7	1	21
105	6	1	21
106	5	1	21
107	4	1	21
108	3	1	21
109	2	1	21
110	1	1	21
111	12	1	21
112	11	1	21
113	10	1	21
114	9	1	21
115	8	1	21
116	7	1	21
117	6	1	21
118	5	1	21
119	4	1	21
120	5	2	22
121	4	1	21
122	3	1	21
123	2	1	21
124	3	2	22
125	2	1	21
126	1	1	21
127	12	1	21
128	11	1	21
129	10	1	21
130	9	1	21
131	8	1	21
132	7	1	21
133	6	1	21
134	5	1	21
135	4	1	21
136	3	1	21
137	2	1	21
138	1	1	21
139	12	1	21
140	11	1	21
141	10	1	21
142	9	1	21
143	10	2	22
144	9	1	21
145	8	1	21
146	7	1	21
147	6	1	21
148	7	2	22
149	6	1	21
150	5	1	21
151	4	1	21
152	3	1	21
153	2	1	21
154	3	2	22
155	2	1	21
156	1	1	21
157	12	1	21
158	11	1	21
159	10	1	21
160	9	1	21
161	8	1	21
162	7	1	21
163	8	2	22
164	7	1	21
165	6	1	21
166	5	1	21
167	4	1	21
168	3	1	21
169	2	1	21
170	1	1	21
171	12	1	21
172	11	1	21
173	10	1	21
174	9	1	21
175	8	1	21
176	7	1	21
177	6	1	21
178	5	1	21
179	6	2	22
180	5	1	21
181	4	1	21
182	3	1	21
183	2	1	21
184	3	2	22
185	2	1	21
186	1	1	21
187	12	1	21
188	11	1	21
189	10	1	21
190	9	1	21
191	8	1	21
192	9	2	22
193	8	1	21
194	7	1	21
195	6	1	21
196	5	1	21
197	4	1	21
198	3	1	21
199	2	1	21
200	1	1	21
201	2	2	22
202	1	1	21
203	12	1	21
204	11	1	21
205	10	1	21
206	9	1	21
207	10	2	22
208	9	1	21
209	8	1	21
210	7	1	21
211	6	1	21
212	5	1	21
213	6	2	22
214	5	1	21
215	4	1	21
216	3	1	21
217	2	1	21
218	1	1	21
219	12	1	21
220	11	1	21
221	12	2	22
222	11	1	21
223	10	1	21
224	9	1	21
225	8	1	21
226	7	1	21
227	6	1	21
228	7	2	22
229	6	1	21
230	5	1	21
231	4	1	21
232	3	1	21
233	4	2	22
234	3	1	21
235	2	1	21
236	1	1	21
237	2	2	22
238	1	1	21
239	12	1	21
240	11	1	21
241	10	1	21
242	9	1	21
243	8	1	21
244	7	1	21
245	8	2	22
246	7	1	21
247	6	1	21
248	5	1	21
249	4	1	21
250	3	1	21
251	4	2	22
252	3	1	21
253	2	1	21
254	1	1	21
255	12	1	21
256	11	1	21
257	10	1	21
258	9	1	21
259	8	1	21
260	7	1	21
261	6	1	21
262	5	1	21
263	4	1	21
264	3	1	21
265	2	1	21
266	1	1	21
267	12	1	21
268	11	1	21
269	10	1	21
270	9	1	21
271	8	1	21
272	7	1	21
273	6	1	21
274	5	1	21
275	4	1	21
276	3	1	21
277	4	2	22
278	3	1	21
279	2	1	21
280	1	1	21
281	12	1	21
282	11	1	21
283	10	1	21
284	9	1	21
285	8	1	21
286	7	1	21
287	6	1	21
288	5	1	21
289	4	1	21
290	3	1	21
291	2	1	21
292	3	2	22
293	2	1	21
294	1	1	21
295	12	1	21
296	11	1	21
297	10	1	21
298	9	1	21
299	8	1	21
300	9	2	22
301	8	1	21
302	7	1	21
303	6	1	21
304	5	1	21
305	4	1	21
306	3	1	21
307	2	1	21
308	3	2	22
309	2	1	21
310	1	1	21
311	12	1	21
312	11	1	21
313	10	1	21
314	9	1	21
315	8	1	21
316	7	1	21
317	6	1	21
318	5	1	21
319	4	1	21
320	3	1	21
321	2	1	21
322	1	1	21
323	12	1	21
324	11	1	21
325	10	1	21
326	9	1	21
327	10	2	22
328	9	1	21
329	8	1	21
330	7	1	21
331	6	1	21
332	7	2	22
333	6	1	21
334	5	1	21
335	4	1	21
336	5	2	22
337	4	1	21
338	3	1	21
339	2	1	21
340	1	1	21
341	12	1	21
342	11	1	21
343	10	1	21
344	9	1	21
345	8	1	21
346	7	1	21
347	6	1	21
348	5	1	21
349	4	1	21
350	5	2	22
351	4	1	21
352	3	1	21
353	2	1	21
354	1	1	21
355	12	1	21
356	11	1	21
357	10	1	21
358	11	2	22
359	10	1	21
360	9	1	21
361	8	1	21
362	7	1	21
363	6	1	21
364	5	1	21
365	4	1	21
366	3	1	21
367	4	2	22
368	3	1	21
369	2	1	21
370	1	1	21
371	12	1	21
372	11	1	21
373	10	1	21
374	9	1	21
375	8	1	21
376	7	1	21
377	6	1	21
378	5	1	21
379	4	1	21
380	3	1	21
381	2	1	21
382	1	1	21
383	12	1	21
384	11	1	21
385	10	1	21
386	9	1	21
387	8	1	21
388	9	2	22
389	8	1	21
390	7	1	21
391	6	1	21
392	5	1	21
393	6	2	22
394	5	1	21
395	4	1	21
396	3	1	21
397	2	1	21
398	1	1	21
399	12	1	21
400	1	2	22
401	12	1	21
402	11	1	21
403	10	1	21
404	9	1	21
405	8	1	21
406	7	1	21
407	6	1	21
408	5	1	21
409	4	1	21
410	3	1	21
411	2	1	21
412	1	1	21
413	12	1	21
414	1	2	22
415	12	1	21
416	11	1	21
417	10	1	21
418	9	1	21
419	8	1	21
420	7	1	21
421	6	1	21
422	5	1	21
423	4	1	21
424	3	1	21
425	2	1	21
426	1	1	21
427	12	1	21
428	11	1	21
429	12	2	22
430	11	1	21
431	10	1	21
432	9	1	21
433	8	1	21
434	7	1	21
435	6	1	21
436	5	1	21
437	4	1	21
438	3	1	21
439	2	1	21
440	1	1	21
441	12	1	21
442	1	2	22
443	12	1	21
444	11	1	21
445	10	1	21
446	9	1	21
447	8	1	21
448	7	1	21
449	6	1	21
450	5	1	21
451	4	1	21
452	3	1	21
453	2	1	21
454	1	1	21
455	12	1	21
456	11	1	21
457	12	2	22
458	11	1	21
459	10	1	21
460	9	1	21
461	10	2	22
462	9	1	21
463	8	1	21
464	7	1	21
465	6	1	21
466	7	2	22
467	6	1	21
468	5	1	21
469	4	1	21
470	3	1	21
471	2	1	21
472	1	1	21
473	12	1	21
474	11	1	21
475	10	1	21
476	9	1	21
477	8	1	21
478	7	1	21
479	6	1	21
480	5	1	21
481	4	1	21
482	3	1	21
483	2	1	21
484	1	1	21
485	2	2	22
486	1	1	21
487	12	1	21
488	11	1	21
489	12	2	22
490	11	1	21
491	10	1	21
492	9	1	21
493	8	1	21
494	7	1	21
495	8	2	22
496	7	1	21
497	6	1	21
498	5	1	21
499	4	1	21
500	5	2	22
501	4	1	21
502	3	1	21
503	2	1	21
504	1	1	21
505	12	1	21
506	11	1	21
507	10	1	21
508	9	1	21
509	10	2	22
510	9	1	21
511	8	1	21
512	7	1	21
513	6	1	21
514	5	1	21
515	4	1	21
516	3	1	21
517	2	1	21
518	3	2	22
519	2	1	21
520	1	1	21
521	12	1	21
522	11	1	21
523	10	1	21
524	9	1	21
525	8	1	21
526	7	1	21
527	6	1	21
528	5	1	21
529	6	2	22
530	5	1	21
531	4	1	21
532	3	1	21
533	2	1	21
534	1	1	21
535	12	1	21
536	11	1	21
537	10	1	21
538	9	1	21
539	8	1	21
540	7	1	21
541	6	1	21
542	5	1	21
543	4	1	21
544	3	1	21
545	2	1	21
546	1	1	21
547	12	1	21
548	11	1	21
549	10	1	21
550	11	2	22
551	10	1	21
552	9	1	21
553	8	1	21
554	7	1	21
555	6	1	21
556	5	1	21
557	4	1	21
558	3	1	21
559	2	1	21
560	1	1	21
561	12	1	21
562	11	1	21
563	10	1	21
564	9	1	21
565	8	1	21
566	7	1	21
567	6	1	21
568	5	1	21
569	4	1	21
570	3	1	21
571	2	1	21
572	1	1	21
573	12	1	21
574	11	1	21
575	10	1	21
576	9	1	21
577	8	1	21
578	7	1	21
579	8	2	22
580	7	1	21
581	6	1	21
582	5	1	21
583	4	1	21
584	3	1	21
585	2	1	21
586	1	1	21
587	12	1	21
588	11	1	21
589	10	1	21
590	9	1	21
591	8	1	21
592	7	1	21
593	6	1	21
594	5	1	21
595	6	2	22
596	5	1	21
597	4	1	21
598	3	1	21
599	2	1	21
600	1	1	21
601	12	1	21
602	11	1	21
603	12	2	22
604	11	1	21
605	10	1	21
606	9	1	21
607	8	1	21
608	7	1	21
609	6	1	21
610	5	1	21
611	4	1	21
612	3	1	21
613	2	1	21
614	1	1	21
615	2	2	22
616	1	1	21
617	12	1	21
618	11	1	21
619	10	1	21
620	9	1	21
621	8	1	21
622	7	1	21
623	6	1	21
624	5	1	21
625	4	1	21
626	3	1	21
627	2	1	21
628	1	1	21
629	12	1	21
630	11	1	21
631	12	2	22
632	11	1	21
633	10	1	21
634	9	1	21
635	8	1	21
636	7	1	21
637	6	1	21
638	5	1	21
639	4	1	21
640	3	1	21
641	2	1	21
642	1	1	21
643	12	1	21
644	11	1	21
645	10	1	21
646	9	1	21
647	8	1	21
648	7	1	21
649	8	2	22
650	7	1	21
651	6	1	21
652	5	1	21
653	4	1	21
654	3	1	21
655	2	1	21
656	1	1	21
657	12	1	21
658	11	1	21
659	10	1	21
660	11	2	22
661	10	1	21
662	9	1	21
663	8	1	21
664	7	1	21
665	6	1	21
666	5	1	21
667	4	1	21
668	3	1	21
669	4	2	22
670	3	1	21
671	2	1	21
672	1	1	21
673	12	1	21
674	1	2	22
675	12	1	21
676	11	1	21
677	10	1	21
678	9	1	21
679	8	1	21
680	7	1	21
681	6	1	21
682	5	1	21
683	4	1	21
684	3	1	21
685	2	1	21
686	1	1	21
687	12	1	21
688	11	1	21
689	10	1	21
690	11	2	22
691	10	1	21
692	9	1	21
693	8	1	21
694	9	2	22
695	8	1	21
696	7	1	21
697	6	1	21
698	5	1	21
699	4	1	21
700	3	1	21
701	2	1	21
702	1	1	21
703	12	1	21
704	11	1	21
705	12	2	22
706	11	1	21
707	10	1	21
708	9	1	21
709	8	1	21
710	7	1	21
711	6	1	21
712	5	1	21
713	4	1	21
714	3	1	21
715	4	2	22
716	3	1	21
717	2	1	21
718	1	1	21
719	12	1	21
720	11	1	21
721	10	1	21
722	9	1	21
723	8	1	21
724	7	1	21
725	8	2	22
726	7	1	21
727	6	1	21
728	5	1	21
729	4	1	21
730	3	1	21
731	2	1	21
732	1	1	21
733	12	1	21
734	11	1	21
735	10	1	21
736	9	1	21
737	8	1	21
738	7	1	21
739	6	1	21
740	5	1	21
741	4	1	21
742	3	1	21
743	2	1	21
744	1	1	21
745	2	2	22
746	1	1	21
747	12	1	21
748	11	1	21
749	10	1	21
750	9	1	21
751	8	1	21
752	7	1	21
753	6	1	21
754	5	1	21
755	4	1	21
756	3	1	21
757	2	1	21
758	1	1	21
759	12	1	21
760	11	1	21
761	10	1	21
762	9	1	21
763	8	1	21
764	7	1	21
765	6	1	21
766	5	1	21
767	4	1	21
768	3	1	21
769	2	1	21
770	3	2	22
771	2	1	21
772	1	1	21
773	12	1	21
774	1	2	22
775	12	1	21
776	11	1	21
777	10	1	21
778	9	1	21
779	8	1	21
780	9	2	22
781	8	1	21
782	7	1	21
783	6	1	21
784	5	1	21
785	6	2	22
786	5	1	21
787	4	1	21
788	3	1	21
789	2	1	21
790	1	1	21
791	12	1	21
792	11	1	21
793	10	1	21
794	9	1	21
795	8	1	21
796	7	1	21
797	6	1	21
798	7	2	22
799	6	1	21
800	5	1	21
801	4	1	21
802	5	2	22
803	4	1	21
804	3	1	21
805	2	1	21
806	1	1	21
807	12	1	21
808	1	2	22
809	12	1	21
810	11	1	21
811	10	1	21
812	11	2	22
813	10	1	21
814	9	1	21
815	8	1	21
816	7	1	21
817	6	1	21
818	5	1	21
819	4	1	21
820	3	1	21
