1	12	1	21
2	11	1	21
3	10	1	21
4	11	2	22
5	10	1	21
6	9	1	21
7	8	1	21
8	7	1	21
9	6	1	21
10	5	1	21
11	6	2	22
12	5	1	21
13	4	1	21
14	3	1	21
15	2	1	21
16	1	1	21
17	12	1	21
18	11	1	21
19	12	2	22
20	11	1	21
21	10	1	21
22	9	1	21
23	8	1	21
24	7	1	21
25	6	1	21
26	7	2	22
27	6	1	21
28	5	1	21
29	4	1	21
30	3	1	21
31	2	1	21
32	1	1	21
33	2	2	22
34	1	1	21
35	12	1	21
36	11	1	21
37	10	1	21
38	9	1	21
39	8	1	21
40	7	1	21
41	6	1	21
42	5	1	21
43	4	1	21
44	3	1	21
45	2	1	21
46	1	1	21
47	12	1	21
48	11	1	21
49	10	1	21
50	9	1	21
51	10	2	22
52	9	1	21
53	8	1	21
54	7	1	21
55	6	1	21
56	5	1	21
57	4	1	21
58	3	1	21
59	2	1	21
60	1	1	21
61	12	1	21
62	11	1	21
63	10	1	21
64	9	1	21
65	8	1	21
66	7	1	21
67	6	1	21
68	5	1	21
69	4	1	21
70	3	1	21
71	2	1	21
72	1	1	21
73	12	1	21
74	11	1	21
75	10	1	21
76	9	1	21
77	8	1	21
78	7	1	21
79	6	1	21
80	5	1	21
81	4	1	21
82	3	1	21
83	4	2	22
84	3	1	21
85	2	1	21
86	1	1	21
87	12	1	21
88	1	2	22
89	12	1	21
90	11	1	21
91	10	1	21
92	9	1	21
93	8	1	21
94	7	1	21
95	6	1	21
96	5	1	21
97	4	1	21
98	3	1	21
99	2	1	21
100	1	1	21
101	12	1	21
102	11	1	21
103	10	1	21
104	9	1	21
105	8	1	21
106	7	1	21
107	6	1	21
108	5	1	21
109	4	1	21
110	3	1	21
111	4	2	22
112	3	1	21
113	2	1	21
114	1	1	21
115	12	1	21
116	11	1	21
117	10	1	21
118	9	1	21
119	8	1	21
120	7	1	21
121	8	2	22
122	7	1	21
123	6	1	21
124	5	1	21
125	4	1	21
126	3	1	21
127	2	1	21
128	1	1	21
129	12	1	21
130	11	1	21
131	10	1	21
132	9	1	21
133	8	1	21
134	9	2	22
135	8	1	21
136	7	1	21
137	6	1	21
138	5	1	21
139	4	1	21
140	3	1	21
141	2	1	21
142	1	1	21
143	12	1	21
144	11	1	21
145	10	1	21
146	9	1	21
147	8	1	21
148	7	1	21
149	6	1	21
150	5	1	21
151	4	1	21
152	3	1	21
153	2	1	21
154	1	1	21
155	12	1	21
156	11	1	21
157	10	1	21
158	9	1	21
159	8	1	21
160	9	2	22
161	8	1	21
162	7	1	21
163	6	1	21
164	5	1	21
165	4	1	21
166	5	2	22
167	4	1	21
168	3	1	21
169	2	1	21
170	1	1	21
171	12	1	21
172	11	1	21
173	10	1	21
174	9	1	21
175	8	1	21
176	7	1	21
177	6	1	21
178	5	1	21
179	4	1	21
180	3	1	21
181	2	1	21
182	1	1	21
183	12	1	21
184	11	1	21
185	10	1	21
186	9	1	21
187	8	1	21
188	7	1	21
189	6	1	21
190	5	1	21
191	6	2	22
192	5	1	21
193	4	1	21
194	3	1	21
195	2	1	21
196	1	1	21
197	2	2	22
198	1	1	21
199	12	1	21
200	11	1	21
201	10	1	21
202	9	1	21
203	8	1	21
204	7	1	21
205	6	1	21
206	5	1	21
207	4	1	21
208	3	1	21
209	2	1	21
210	3	2	22
211	2	1	21
212	1	1	21
213	12	1	21
214	11	1	21
215	12	2	22
216	11	1	21
217	10	1	21
218	9	1	21
219	8	1	21
220	7	1	21
221	6	1	21
222	5	1	21
223	4	1	21
224	3	1	21
225	2	1	21
226	1	1	21
227	12	1	21
228	11	1	21
229	10	1	21
230	9	1	21
231	8	1	21
232	9	2	22
233	8	1	21
234	7	1	21
235	6	1	21
236	5	1	21
237	4	1	21
238	3	1	21
239	2	1	21
240	1	1	21
241	12	1	21
242	11	1	21
243	10	1	21
244	9	1	21
245	8	1	21
246	7	1	21
247	6	1	21
248	5	1	21
249	6	2	22
250	5	1	21
251	4	1	21
252	3	1	21
253	2	1	21
254	1	1	21
255	12	1	21
256	11	1	21
257	10	1	21
258	9	1	21
259	8	1	21
260	7	1	21
261	6	1	21
262	5	1	21
263	6	2	22
264	5	1	21
265	4	1	21
266	3	1	21
267	2	1	21
268	1	1	21
269	2	2	22
270	1	1	21
271	12	1	21
272	11	1	21
273	10	1	21
274	9	1	21
275	8	1	21
276	7	1	21
277	8	2	22
278	7	1	21
279	6	1	21
280	5	1	21
281	4	1	21
282	5	2	22
283	4	1	21
284	3	1	21
285	2	1	21
286	3	2	22
287	2	1	21
288	1	1	21
289	12	1	21
290	1	2	22
291	12	1	21
292	11	1	21
293	10	1	21
294	9	1	21
295	8	1	21
296	7	1	21
297	6	1	21
298	5	1	21
299	6	2	22
300	5	1	21
301	4	1	21
302	3	1	21
303	2	1	21
304	1	1	21
305	12	1	21
306	11	1	21
307	10	1	21
308	9	1	21
309	10	2	22
310	9	1	21
311	8	1	21
312	7	1	21
313	6	1	21
314	5	1	21
315	4	1	21
316	5	2	22
317	4	1	21
318	3	1	21
319	2	1	21
320	1	1	21
321	12	1	21
322	11	1	21
323	10	1	21
324	9	1	21
325	8	1	21
326	7	1	21
327	6	1	21
328	5	1	21
329	4	1	21
330	3	1	21
331	4	2	22
332	3	1	21
333	2	1	21
334	1	1	21
335	12	1	21
336	1	2	22
337	12	1	21
338	11	1	21
339	10	1	21
340	9	1	21
341	8	1	21
342	7	1	21
343	6	1	21
344	5	1	21
345	4	1	21
346	3	1	21
347	2	1	21
348	1	1	21
349	12	1	21
350	11	1	21
351	10	1	21
352	11	2	22
353	10	1	21
354	9	1	21
355	8	1	21
356	7	1	21
357	6	1	21
358	5	1	21
359	4	1	21
360	3	1	21
361	2	1	21
362	1	1	21
363	12	1	21
364	11	1	21
365	10	1	21
366	9	1	21
367	8	1	21
368	7	1	21
369	6	1	21
370	5	1	21
371	4	1	21
372	3	1	21
373	2	1	21
374	1	1	21
375	12	1	21
376	11	1	21
377	10	1	21
378	11	2	22
379	10	1	21
380	9	1	21
381	8	1	21
382	7	1	21
383	6	1	21
384	5	1	21
385	4	1	21
386	5	2	22
387	4	1	21
388	3	1	21
389	2	1	21
390	1	1	21
391	2	2	22
392	1	1	21
393	12	1	21
394	11	1	21
395	10	1	21
396	9	1	21
397	8	1	21
398	7	1	21
399	6	1	21
400	5	1	21
401	4	1	21
402	3	1	21
403	2	1	21
404	1	1	21
405	12	1	21
406	11	1	21
407	12	2	22
408	11	1	21
409	10	1	21
410	9	1	21
411	8	1	21
412	7	1	21
413	6	1	21
414	5	1	21
415	4	1	21
416	3	1	21
417	2	1	21
418	1	1	21
419	12	1	21
420	11	1	21
421	10	1	21
422	9	1	21
423	10	2	22
424	9	1	21
425	8	1	21
426	7	1	21
427	6	1	21
428	7	2	22
429	6	1	21
430	5	1	21
431	4	1	21
432	3	1	21
433	4	2	22
434	3	1	21
435	2	1	21
436	1	1	21
437	12	1	21
438	11	1	21
439	10	1	21
440	9	1	21
441	8	1	21
442	7	1	21
443	6	1	21
444	7	2	22
445	6	1	21
446	5	1	21
447	4	1	21
448	3	1	21
449	2	1	21
450	1	1	21
451	12	1	21
452	11	1	21
453	10	1	21
454	9	1	21
455	10	2	22
456	9	1	21
457	8	1	21
458	7	1	21
459	6	1	21
460	5	1	21
461	4	1	21
462	3	1	21
463	2	1	21
464	1	1	21
465	2	2	22
466	1	1	21
467	12	1	21
468	11	1	21
469	10	1	21
470	9	1	21
471	8	1	21
472	7	1	21
473	6	1	21
474	5	1	21
475	4	1	21
476	3	1	21
477	2	1	21
478	1	1	21
479	12	1	21
480	11	1	21
481	10	1	21
482	9	1	21
483	8	1	21
484	7	1	21
485	6	1	21
486	5	1	21
487	4	1	21
488	3	1	21
489	2	1	21
490	1	1	21
491	12	1	21
492	11	1	21
493	10	1	21
494	9	1	21
495	8	1	21
496	7	1	21
497	8	2	22
498	7	1	21
499	6	1	21
500	5	1	21
501	4	1	21
502	3	1	21
503	2	1	21
504	3	2	22
505	2	1	21
506	1	1	21
507	12	1	21
508	11	1	21
509	10	1	21
510	9	1	21
511	8	1	21
512	9	2	22
513	8	1	21
514	7	1	21
515	6	1	21
516	7	2	22
517	6	1	21
518	5	1	21
519	4	1	21
520	3	1	21
521	2	1	21
522	1	1	21
523	12	1	21
524	11	1	21
525	10	1	21
526	9	1	21
527	8	1	21
528	7	1	21
529	6	1	21
530	5	1	21
531	4	1	21
532	3	1	21
533	2	1	21
534	3	2	22
535	2	1	21
536	1	1	21
537	12	1	21
538	11	1	21
539	10	1	21
540	11	2	22
541	10	1	21
542	9	1	21
543	8	1	21
544	9	2	22
545	8	1	21
546	7	1	21
547	6	1	21
548	5	1	21
549	4	1	21
550	3	1	21
551	4	2	22
552	3	1	21
553	2	1	21
554	1	1	21
555	12	1	21
556	11	1	21
557	12	2	22
558	11	1	21
559	10	1	21
560	9	1	21
561	8	1	21
562	7	1	21
563	8	2	22
564	7	1	21
565	6	1	21
566	5	1	21
567	4	1	21
568	3	1	21
569	2	1	21
570	1	1	21
571	2	2	22
572	1	1	21
573	12	1	21
574	11	1	21
575	10	1	21
576	9	1	21
577	8	1	21
578	7	1	21
579	6	1	21
580	5	1	21
581	6	2	22
582	5	1	21
583	4	1	21
584	3	1	21
585	2	1	21
586	3	2	22
587	2	1	21
588	1	1	21
589	12	1	21
590	11	1	21
591	10	1	21
592	9	1	21
593	8	1	21
594	9	2	22
595	8	1	21
596	7	1	21
597	6	1	21
598	5	1	21
599	4	1	21
600	3	1	21
601	2	1	21
602	1	1	21
603	12	1	21
604	11	1	21
605	12	2	22
606	11	1	21
607	10	1	21
608	9	1	21
609	8	1	21
610	7	1	21
611	6	1	21
612	5	1	21
613	4	1	21
614	3	1	21
615	4	2	22
616	3	1	21
617	2	1	21
618	1	1	21
619	12	1	21
620	11	1	21
621	10	1	21
622	9	1	21
623	8	1	21
624	7	1	21
625	6	1	21
626	5	1	21
627	4	1	21
628	3	1	21
629	2	1	21
630	1	1	21
631	12	1	21
632	11	1	21
633	10	1	21
634	11	2	22
635	10	1	21
636	9	1	21
637	8	1	21
638	7	1	21
639	6	1	21
640	5	1	21
641	4	1	21
642	3	1	21
643	2	1	21
644	1	1	21
645	12	1	21
646	11	1	21
647	12	2	22
648	11	1	21
649	10	1	21
650	9	1	21
651	8	1	21
652	7	1	21
653	6	1	21
654	5	1	21
655	4	1	21
656	3	1	21
657	2	1	21
658	1	1	21
659	12	1	21
660	11	1	21
661	10	1	21
662	9	1	21
663	8	1	21
664	7	1	21
665	6	1	21
666	5	1	21
667	4	1	21
668	3	1	21
669	2	1	21
670	3	2	22
671	2	1	21
672	1	1	21
673	12	1	21
674	11	1	21
675	10	1	21
676	9	1	21
677	8	1	21
678	7	1	21
679	6	1	21
680	5	1	21
681	6	2	22
682	5	1	21
683	4	1	21
684	3	1	21
685	2	1	21
686	1	1	21
687	12	1	21
688	11	1	21
689	10	1	21
690	9	1	21
691	8	1	21
692	7	1	21
693	6	1	21
694	5	1	21
695	4	1	21
696	5	2	22
697	4	1	21
698	3	1	21
699	2	1	21
700	1	1	21
701	12	1	21
702	11	1	21
703	10	1	21
704	9	1	21
705	8	1	21
706	7	1	21
707	6	1	21
708	5	1	21
709	4	1	21
710	5	2	22
711	4	1	21
712	3	1	21
713	2	1	21
714	1	1	21
715	12	1	21
716	11	1	21
717	10	1	21
718	9	1	21
719	10	2	22
720	9	1	21
721	8	1	21
722	7	1	21
723	6	1	21
724	7	2	22
725	6	1	21
726	5	1	21
727	4	1	21
728	3	1	21
729	2	1	21
730	1	1	21
731	12	1	21
732	11	1	21
733	10	1	21
734	9	1	21
735	10	2	22
736	9	1	21
737	8	1	21
738	7	1	21
739	6	1	21
740	7	2	22
741	6	1	21
742	5	1	21
743	4	1	21
744	3	1	21
745	2	1	21
746	1	1	21
747	12	1	21
748	1	2	22
749	12	1	21
750	11	1	21
751	10	1	21
752	9	1	21
753	8	1	21
754	7	1	21
755	6	1	21
756	5	1	21
757	4	1	21
758	3	1	21
759	2	1	21
760	1	1	21
761	12	1	21
762	1	2	22
763	12	1	21
764	11	1	21
765	10	1	21
766	9	1	21
767	8	1	21
768	7	1	21
769	8	2	22
770	7	1	21
771	6	1	21
772	5	1	21
773	4	1	21
774	3	1	21
775	2	1	21
776	1	1	21
777	12	1	21
778	11	1	21
779	10	1	21
780	9	1	21
781	8	1	21
782	7	1	21
783	8	2	22
784	7	1	21
785	6	1	21
786	5	1	21
787	4	1	21
788	3	1	21
789	2	1	21
790	1	1	21
791	12	1	21
792	11	1	21
793	10	1	21
794	9	1	21
795	8	1	21
796	9	2	22
797	8	1	21
798	7	1	21
799	6	1	21
800	5	1	21
801	4	1	21
802	3	1	21
803	2	1	21
804	1	1	21
805	12	1	21
806	1	2	22
807	12	1	21
808	11	1	21
809	10	1	21
810	11	2	22
811	10	1	21
812	9	1	21
813	8	1	21
814	7	1	21
815	6	1	21
816	5	1	21
817	4	1	21
818	5	2	22
819	4	1	21
820	3	1	21
