1	12	1	21
2	11	1	21
3	10	1	21
4	9	1	21
5	8	1	21
6	7	1	21
7	6	1	21
8	5	1	21
9	4	1	21
10	3	1	21
11	2	1	21
12	1	1	21
13	12	1	21
14	11	1	21
15	10	1	21
16	9	1	21
17	8	1	21
18	7	1	21
19	6	1	21
20	5	1	21
21	4	1	21
22	3	1	21
23	2	1	21
24	1	1	21
25	12	1	21
26	11	1	21
27	10	1	21
28	9	1	21
29	8	1	21
30	7	1	21
31	6	1	21
32	5	1	21
33	4	1	21
34	3	1	21
35	2	1	21
36	1	1	21
37	2	2	22
38	1	1	21
39	12	1	21
40	11	1	21
41	10	1	21
42	9	1	21
43	8	1	21
44	7	1	21
45	6	1	21
46	5	1	21
47	4	1	21
48	3	1	21
49	2	1	21
50	1	1	21
51	12	1	21
52	11	1	21
53	10	1	21
54	9	1	21
55	8	1	21
56	7	1	21
57	6	1	21
58	5	1	21
59	6	2	22
60	5	1	21
61	4	1	21
62	3	1	21
63	4	2	22
64	3	1	21
65	2	1	21
66	1	1	21
67	12	1	21
68	1	2	22
69	12	1	21
70	11	1	21
71	10	1	21
72	11	2	22
73	10	1	21
74	9	1	21
75	8	1	21
76	9	2	22
77	8	1	21
78	7	1	21
79	6	1	21
80	5	1	21
81	4	1	21
82	5	2	22
83	4	1	21
84	3	1	21
85	2	1	21
86	1	1	21
87	12	1	21
88	11	1	21
89	10	1	21
90	9	1	21
91	8	1	21
92	7	1	21
93	6	1	21
94	5	1	21
95	4	1	21
96	3	1	21
97	2	1	21
98	1	1	21
99	12	1	21
100	11	1	21
101	10	1	21
102	9	1	21
103	8	1	21
104	9	2	22
105	8	1	21
106	7	1	21
107	6	1	21
108	7	2	22
109	6	1	21
110	5	1	21
111	4	1	21
112	3	1	21
113	2	1	21
114	1	1	21
115	12	1	21
116	11	1	21
117	10	1	21
118	9	1	21
119	8	1	21
120	7	1	21
121	6	1	21
122	5	1	21
123	6	2	22
124	5	1	21
125	4	1	21
126	3	1	21
127	2	1	21
128	1	1	21
129	12	1	21
130	11	1	21
131	10	1	21
132	9	1	21
133	8	1	21
134	7	1	21
135	8	2	22
136	7	1	21
137	6	1	21
138	5	1	21
139	4	1	21
140	3	1	21
141	2	1	21
142	1	1	21
143	12	1	21
144	11	1	21
145	12	2	22
146	11	1	21
147	10	1	21
148	9	1	21
149	8	1	21
150	7	1	21
151	8	2	22
152	7	1	21
153	6	1	21
154	5	1	21
155	4	1	21
156	5	2	22
157	4	1	21
158	3	1	21
159	2	1	21
160	1	1	21
161	12	1	21
162	11	1	21
163	10	1	21
164	11	2	22
165	10	1	21
166	9	1	21
167	8	1	21
168	7	1	21
169	6	1	21
170	5	1	21
171	4	1	21
172	3	1	21
173	2	1	21
174	1	1	21
175	12	1	21
176	11	1	21
177	10	1	21
178	9	1	21
179	8	1	21
180	7	1	21
181	6	1	21
182	5	1	21
183	4	1	21
184	3	1	21
185	2	1	21
186	1	1	21
187	2	2	22
188	1	1	21
189	12	1	21
190	11	1	21
191	10	1	21
192	9	1	21
193	8	1	21
194	7	1	21
195	6	1	21
196	5	1	21
197	4	1	21
198	3	1	21
199	2	1	21
200	1	1	21
201	12	1	21
202	11	1	21
203	10	1	21
204	11	2	22
205	10	1	21
206	9	1	21
207	8	1	21
208	7	1	21
209	6	1	21
210	5	1	21
211	4	1	21
212	3	1	21
213	2	1	21
214	1	1	21
215	12	1	21
216	11	1	21
217	10	1	21
218	9	1	21
219	8	1	21
220	7	1	21
221	6	1	21
222	5	1	21
223	4	1	21
224	3	1	21
225	2	1	21
226	1	1	21
227	12	1	21
228	11	1	21
229	10	1	21
230	11	2	22
231	10	1	21
232	9	1	21
233	8	1	21
234	9	2	22
235	8	1	21
236	7	1	21
237	6	1	21
238	5	1	21
239	6	2	22
240	5	1	21
241	4	1	21
242	3	1	21
243	2	1	21
244	3	2	22
245	2	1	21
246	1	1	21
247	12	1	21
248	11	1	21
249	10	1	21
250	9	1	21
251	8	1	21
252	7	1	21
253	6	1	21
254	5	1	21
255	4	1	21
256	3	1	21
257	2	1	21
258	1	1	21
259	12	1	21
260	11	1	21
261	10	1	21
262	9	1	21
263	8	1	21
264	7	1	21
265	6	1	21
266	5	1	21
267	4	1	21
268	3	1	21
269	2	1	21
270	3	2	22
271	2	1	21
272	1	1	21
273	12	1	21
274	11	1	21
275	10	1	21
276	9	1	21
277	10	2	22
278	9	1	21
279	8	1	21
280	7	1	21
281	6	1	21
282	5	1	21
283	4	1	21
284	3	1	21
285	4	2	22
286	3	1	21
287	2	1	21
288	1	1	21
289	12	1	21
290	1	2	22
291	12	1	21
292	11	1	21
293	10	1	21
294	9	1	21
295	8	1	21
296	7	1	21
297	6	1	21
298	5	1	21
299	6	2	22
300	5	1	21
301	4	1	21
302	3	1	21
303	2	1	21
304	1	1	21
305	12	1	21
306	11	1	21
307	10	1	21
308	9	1	21
309	8	1	21
310	9	2	22
311	8	1	21
312	7	1	21
313	6	1	21
314	5	1	21
315	4	1	21
316	3	1	21
317	2	1	21
318	1	1	21
319	2	2	22
320	1	1	21
321	12	1	21
322	11	1	21
323	10	1	21
324	9	1	21
325	8	1	21
326	7	1	21
327	6	1	21
328	5	1	21
329	4	1	21
330	5	2	22
331	4	1	21
332	3	1	21
333	2	1	21
334	1	1	21
335	12	1	21
336	11	1	21
337	10	1	21
338	9	1	21
339	8	1	21
340	7	1	21
341	6	1	21
342	7	2	22
343	6	1	21
344	5	1	21
345	4	1	21
346	3	1	21
347	2	1	21
348	3	2	22
349	2	1	21
350	1	1	21
351	12	1	21
352	1	2	22
353	12	1	21
354	11	1	21
355	10	1	21
356	9	1	21
357	8	1	21
358	7	1	21
359	8	2	22
360	7	1	21
361	6	1	21
362	5	1	21
363	4	1	21
364	3	1	21
365	2	1	21
366	1	1	21
367	12	1	21
368	11	1	21
369	10	1	21
370	9	1	21
371	8	1	21
372	7	1	21
373	6	1	21
374	5	1	21
375	4	1	21
376	3	1	21
377	4	2	22
378	3	1	21
379	2	1	21
380	1	1	21
381	12	1	21
382	11	1	21
383	12	2	22
384	11	1	21
385	10	1	21
386	9	1	21
387	8	1	21
388	9	2	22
389	8	1	21
390	7	1	21
391	6	1	21
392	5	1	21
393	4	1	21
394	3	1	21
395	2	1	21
396	1	1	21
397	12	1	21
398	11	1	21
399	10	1	21
400	11	2	22
401	10	1	21
402	9	1	21
403	8	1	21
404	7	1	21
405	6	1	21
406	5	1	21
407	4	1	21
408	3	1	21
409	2	1	21
410	1	1	21
411	12	1	21
412	11	1	21
413	10	1	21
414	9	1	21
415	8	1	21
416	7	1	21
417	6	1	21
418	5	1	21
419	4	1	21
420	5	2	22
421	4	1	21
422	3	1	21
423	2	1	21
424	1	1	21
425	12	1	21
426	11	1	21
427	10	1	21
428	9	1	21
429	8	1	21
430	7	1	21
431	8	2	22
432	7	1	21
433	6	1	21
434	5	1	21
435	6	2	22
436	5	1	21
437	4	1	21
438	3	1	21
439	2	1	21
440	1	1	21
441	12	1	21
442	11	1	21
443	10	1	21
444	9	1	21
445	8	1	21
446	7	1	21
447	6	1	21
448	5	1	21
449	4	1	21
450	5	2	22
451	4	1	21
452	3	1	21
453	2	1	21
454	3	2	22
455	2	1	21
456	1	1	21
457	12	1	21
458	11	1	21
459	10	1	21
460	9	1	21
461	8	1	21
462	7	1	21
463	6	1	21
464	5	1	21
465	4	1	21
466	3	1	21
467	2	1	21
468	1	1	21
469	2	2	22
470	1	1	21
471	12	1	21
472	11	1	21
473	12	2	22
474	11	1	21
475	10	1	21
476	9	1	21
477	10	2	22
478	9	1	21
479	8	1	21
480	7	1	21
481	6	1	21
482	7	2	22
483	6	1	21
484	5	1	21
485	4	1	21
486	3	1	21
487	2	1	21
488	1	1	21
489	12	1	21
490	11	1	21
491	10	1	21
492	9	1	21
493	8	1	21
494	7	1	21
495	6	1	21
496	7	2	22
497	6	1	21
498	5	1	21
499	4	1	21
500	5	2	22
501	4	1	21
502	3	1	21
503	2	1	21
504	1	1	21
505	12	1	21
506	11	1	21
507	12	2	22
508	11	1	21
509	10	1	21
510	9	1	21
511	8	1	21
512	7	1	21
513	6	1	21
514	5	1	21
515	4	1	21
516	3	1	21
517	2	1	21
518	1	1	21
519	12	1	21
520	11	1	21
521	10	1	21
522	9	1	21
523	8	1	21
524	7	1	21
525	6	1	21
526	5	1	21
527	4	1	21
528	3	1	21
529	2	1	21
530	3	2	22
531	2	1	21
532	1	1	21
533	12	1	21
534	1	2	22
535	12	1	21
536	11	1	21
537	10	1	21
538	11	2	22
539	10	1	21
540	9	1	21
541	8	1	21
542	9	2	22
543	8	1	21
544	7	1	21
545	6	1	21
546	5	1	21
547	4	1	21
548	3	1	21
549	2	1	21
550	1	1	21
551	12	1	21
552	1	2	22
553	12	1	21
554	11	1	21
555	10	1	21
556	9	1	21
557	10	2	22
558	9	1	21
559	8	1	21
560	7	1	21
561	8	2	22
562	7	1	21
563	6	1	21
564	5	1	21
565	4	1	21
566	3	1	21
567	2	1	21
568	1	1	21
569	12	1	21
570	11	1	21
571	10	1	21
572	9	1	21
573	8	1	21
574	7	1	21
575	6	1	21
576	5	1	21
577	4	1	21
578	3	1	21
579	4	2	22
580	3	1	21
581	2	1	21
582	1	1	21
583	12	1	21
584	11	1	21
585	10	1	21
586	9	1	21
587	10	2	22
588	9	1	21
589	8	1	21
590	7	1	21
591	6	1	21
592	5	1	21
593	4	1	21
594	3	1	21
595	2	1	21
596	1	1	21
597	2	2	22
598	1	1	21
599	12	1	21
600	11	1	21
601	10	1	21
602	9	1	21
603	8	1	21
604	7	1	21
605	6	1	21
606	5	1	21
607	4	1	21
608	3	1	21
609	2	1	21
610	1	1	21
611	12	1	21
612	11	1	21
613	10	1	21
614	9	1	21
615	8	1	21
616	7	1	21
617	6	1	21
618	5	1	21
619	4	1	21
620	3	1	21
621	2	1	21
622	1	1	21
623	12	1	21
624	11	1	21
625	12	2	22
626	11	1	21
627	10	1	21
628	9	1	21
629	8	1	21
630	7	1	21
631	6	1	21
632	5	1	21
633	4	1	21
634	3	1	21
635	2	1	21
636	1	1	21
637	12	1	21
638	11	1	21
639	10	1	21
640	9	1	21
641	8	1	21
642	7	1	21
643	6	1	21
644	5	1	21
645	4	1	21
646	3	1	21
647	2	1	21
648	1	1	21
649	12	1	21
650	11	1	21
651	10	1	21
652	9	1	21
653	10	2	22
654	9	1	21
655	8	1	21
656	7	1	21
657	6	1	21
658	5	1	21
659	4	1	21
660	3	1	21
661	2	1	21
662	1	1	21
663	12	1	21
664	11	1	21
665	10	1	21
666	9	1	21
667	10	2	22
668	9	1	21
669	8	1	21
670	7	1	21
671	6	1	21
672	7	2	22
673	6	1	21
674	5	1	21
675	4	1	21
676	3	1	21
677	2	1	21
678	1	1	21
679	12	1	21
680	11	1	21
681	10	1	21
682	9	1	21
683	8	1	21
684	7	1	21
685	6	1	21
686	5	1	21
687	6	2	22
688	5	1	21
689	4	1	21
690	3	1	21
691	4	2	22
692	3	1	21
693	2	1	21
694	1	1	21
695	12	1	21
696	11	1	21
697	10	1	21
698	9	1	21
699	8	1	21
700	7	1	21
701	6	1	21
702	7	2	22
703	6	1	21
704	5	1	21
705	4	1	21
706	3	1	21
707	2	1	21
708	1	1	21
709	12	1	21
710	11	1	21
711	10	1	21
712	9	1	21
713	8	1	21
714	7	1	21
715	6	1	21
716	5	1	21
717	4	1	21
718	3	1	21
719	2	1	21
720	1	1	21
721	12	1	21
722	1	2	22
723	12	1	21
724	11	1	21
725	10	1	21
726	9	1	21
727	8	1	21
728	7	1	21
729	8	2	22
730	7	1	21
731	6	1	21
732	5	1	21
733	4	1	21
734	3	1	21
735	2	1	21
736	1	1	21
737	2	2	22
738	1	1	21
739	12	1	21
740	11	1	21
741	10	1	21
742	9	1	21
743	8	1	21
744	7	1	21
745	6	1	21
746	5	1	21
747	4	1	21
748	3	1	21
749	4	2	22
750	3	1	21
751	2	1	21
752	1	1	21
753	12	1	21
754	11	1	21
755	10	1	21
756	9	1	21
757	8	1	21
758	7	1	21
759	6	1	21
760	5	1	21
761	4	1	21
762	3	1	21
763	2	1	21
764	3	2	22
765	2	1	21
766	1	1	21
767	12	1	21
768	11	1	21
769	10	1	21
770	9	1	21
771	10	2	22
772	9	1	21
773	8	1	21
774	7	1	21
775	6	1	21
776	5	1	21
777	4	1	21
778	3	1	21
779	2	1	21
780	1	1	21
781	12	1	21
782	11	1	21
783	10	1	21
784	9	1	21
785	8	1	21
786	7	1	21
787	6	1	21
788	5	1	21
789	4	1	21
790	3	1	21
791	2	1	21
792	1	1	21
793	12	1	21
794	11	1	21
795	12	2	22
796	11	1	21
797	10	1	21
798	9	1	21
799	8	1	21
800	7	1	21
801	6	1	21
802	5	1	21
803	4	1	21
804	3	1	21
805	2	1	21
806	3	2	22
807	2	1	21
808	1	1	21
809	12	1	21
810	11	1	21
811	10	1	21
812	9	1	21
813	8	1	21
814	7	1	21
815	8	2	22
816	7	1	21
817	6	1	21
818	5	1	21
819	4	1	21
820	3	1	21
