1	12	1	41
2	11	1	41
3	10	1	41
4	11	2	42
5	10	1	41
6	9	1	41
7	8	1	41
8	7	1	41
9	6	1	41
10	7	2	42
11	6	1	41
12	5	1	41
13	4	1	41
14	3	1	41
15	2	1	41
16	3	2	42
17	2	1	41
18	1	1	41
19	12	1	41
20	11	1	41
21	10	1	41
22	9	1	41
23	8	1	41
24	7	1	41
25	6	1	41
26	5	1	41
27	4	1	41
28	3	1	41
29	2	1	41
30	1	1	41
31	2	2	42
32	1	1	41
33	12	1	41
34	11	1	41
35	10	1	41
36	9	1	41
37	8	1	41
38	7	1	41
39	6	1	41
40	5	1	41
41	4	1	41
42	3	1	41
43	2	1	41
44	1	1	41
45	12	1	41
46	11	1	41
47	10	1	41
48	11	2	42
49	10	1	41
50	9	1	41
51	8	1	41
52	7	1	41
53	6	1	41
54	5	1	41
55	4	1	41
56	5	2	42
57	4	1	41
58	3	1	41
59	2	1	41
60	1	1	41
61	12	1	41
62	11	1	41
63	10	1	41
64	9	1	41
65	8	1	41
66	7	1	41
67	6	1	41
68	5	1	41
69	4	1	41
70	3	1	41
71	2	1	41
72	3	2	42
73	2	1	41
74	1	1	41
75	12	1	41
76	11	1	41
77	10	1	41
78	9	1	41
79	8	1	41
80	7	1	41
81	6	1	41
82	5	1	41
83	4	1	41
84	3	1	41
85	2	1	41
86	1	1	41
87	12	1	41
88	11	1	41
89	10	1	41
90	9	1	41
91	10	2	42
92	9	1	41
93	8	1	41
94	7	1	41
95	6	1	41
96	5	1	41
97	4	1	41
98	3	1	41
99	2	1	41
100	1	1	41
101	12	1	41
102	11	1	41
103	10	1	41
104	9	1	41
105	8	1	41
106	7	1	41
107	6	1	41
108	7	2	42
109	6	1	41
110	5	1	41
111	4	1	41
112	5	2	42
113	4	1	41
114	3	1	41
115	2	1	41
116	1	1	41
117	12	1	41
118	11	1	41
119	10	1	41
120	9	1	41
121	8	1	41
122	7	1	41
123	6	1	41
124	5	1	41
125	4	1	41
126	3	1	41
127	2	1	41
128	1	1	41
129	12	1	41
130	11	1	41
131	10	1	41
132	9	1	41
133	8	1	41
134	7	1	41
135	6	1	41
136	5	1	41
137	6	2	42
138	5	1	41
139	4	1	41
140	3	1	41
141	2	1	41
142	1	1	41
143	2	2	42
144	1	1	41
145	12	1	41
146	11	1	41
147	10	1	41
148	9	1	41
149	8	1	41
150	7	1	41
151	6	1	41
152	5	1	41
153	6	2	42
154	5	1	41
155	4	1	41
156	3	1	41
157	2	1	41
158	3	2	42
159	2	1	41
160	1	1	41
161	12	1	41
162	11	1	41
163	12	2	42
164	11	1	41
165	10	1	41
166	9	1	41
167	8	1	41
168	7	1	41
169	6	1	41
170	5	1	41
171	6	2	42
172	5	1	41
173	4	1	41
174	3	1	41
175	2	1	41
176	1	1	41
177	12	1	41
178	11	1	41
179	10	1	41
180	11	2	42
181	10	1	41
182	9	1	41
183	8	1	41
184	7	1	41
185	6	1	41
186	5	1	41
187	4	1	41
188	3	1	41
189	2	1	41
190	1	1	41
191	12	1	41
192	11	1	41
193	10	1	41
194	9	1	41
195	8	1	41
196	7	1	41
197	8	2	42
198	7	1	41
199	6	1	41
200	5	1	41
201	4	1	41
202	3	1	41
203	2	1	41
204	1	1	41
205	12	1	41
206	11	1	41
207	10	1	41
208	9	1	41
209	8	1	41
210	7	1	41
211	6	1	41
212	5	1	41
213	4	1	41
214	3	1	41
215	2	1	41
216	1	1	41
217	12	1	41
218	11	1	41
219	10	1	41
220	9	1	41
221	10	2	42
222	9	1	41
223	8	1	41
224	7	1	41
225	6	1	41
226	5	1	41
227	4	1	41
228	3	1	41
229	4	2	42
230	3	1	41
231	2	1	41
232	1	1	41
233	12	1	41
234	11	1	41
235	10	1	41
236	11	2	42
237	10	1	41
238	9	1	41
239	8	1	41
240	7	1	41
241	6	1	41
242	7	2	42
243	6	1	41
244	5	1	41
245	4	1	41
246	3	1	41
247	2	1	41
248	1	1	41
249	2	2	42
250	1	1	41
251	12	1	41
252	11	1	41
253	10	1	41
254	11	2	42
255	10	1	41
256	9	1	41
257	8	1	41
258	7	1	41
259	6	1	41
260	5	1	41
261	6	2	42
262	5	1	41
263	4	1	41
264	3	1	41
265	2	1	41
266	1	1	41
267	2	2	42
268	1	1	41
269	12	1	41
270	11	1	41
271	10	1	41
272	9	1	41
273	8	1	41
274	9	2	42
275	8	1	41
276	7	1	41
277	6	1	41
278	5	1	41
279	4	1	41
280	3	1	41
281	2	1	41
282	1	1	41
283	12	1	41
284	11	1	41
285	10	1	41
286	9	1	41
287	8	1	41
288	7	1	41
289	6	1	41
290	5	1	41
291	4	1	41
292	3	1	41
293	4	2	42
294	3	1	41
295	2	1	41
296	1	1	41
297	12	1	41
298	11	1	41
299	12	2	42
300	11	1	41
301	10	1	41
302	9	1	41
303	8	1	41
304	9	2	42
305	8	1	41
306	7	1	41
307	6	1	41
308	7	2	42
309	6	1	41
310	5	1	41
311	4	1	41
312	3	1	41
313	2	1	41
314	1	1	41
315	12	1	41
316	11	1	41
317	12	2	42
318	11	1	41
319	10	1	41
320	9	1	41
321	8	1	41
322	7	1	41
323	6	1	41
324	5	1	41
325	4	1	41
326	3	1	41
327	2	1	41
328	3	2	42
329	2	1	41
330	1	1	41
331	12	1	41
332	11	1	41
333	10	1	41
334	9	1	41
335	8	1	41
336	7	1	41
337	6	1	41
338	5	1	41
339	4	1	41
340	5	2	42
341	4	1	41
342	3	1	41
343	2	1	41
344	1	1	41
345	12	1	41
346	11	1	41
347	10	1	41
348	9	1	41
349	10	2	42
350	9	1	41
351	8	1	41
352	7	1	41
353	6	1	41
354	5	1	41
355	4	1	41
356	3	1	41
357	2	1	41
358	1	1	41
359	12	1	41
360	11	1	41
361	12	2	42
362	11	1	41
363	10	1	41
364	9	1	41
365	8	1	41
366	7	1	41
367	6	1	41
368	5	1	41
369	4	1	41
370	3	1	41
371	2	1	41
372	1	1	41
373	2	2	42
374	1	1	41
375	12	1	41
376	11	1	41
377	10	1	41
378	9	1	41
379	8	1	41
380	7	1	41
381	6	1	41
382	5	1	41
383	4	1	41
384	3	1	41
385	2	1	41
386	1	1	41
387	2	2	42
388	1	1	41
389	12	1	41
390	11	1	41
391	10	1	41
392	9	1	41
393	8	1	41
394	7	1	41
395	6	1	41
396	7	2	42
397	6	1	41
398	5	1	41
399	4	1	41
400	5	2	42
401	4	1	41
402	3	1	41
403	2	1	41
404	1	1	41
405	12	1	41
406	11	1	41
407	10	1	41
408	9	1	41
409	8	1	41
410	7	1	41
411	6	1	41
412	5	1	41
413	4	1	41
414	3	1	41
415	2	1	41
416	1	1	41
417	12	1	41
418	11	1	41
419	10	1	41
420	9	1	41
421	8	1	41
422	7	1	41
423	6	1	41
424	5	1	41
425	4	1	41
426	3	1	41
427	2	1	41
428	1	1	41
429	12	1	41
430	11	1	41
431	10	1	41
432	9	1	41
433	8	1	41
434	7	1	41
435	6	1	41
436	7	2	42
437	6	1	41
438	5	1	41
439	4	1	41
440	3	1	41
441	2	1	41
442	1	1	41
443	12	1	41
444	11	1	41
445	10	1	41
446	9	1	41
447	8	1	41
448	7	1	41
449	6	1	41
450	5	1	41
451	4	1	41
452	3	1	41
453	2	1	41
454	1	1	41
455	12	1	41
456	11	1	41
457	10	1	41
458	9	1	41
459	8	1	41
460	7	1	41
461	6	1	41
462	5	1	41
463	4	1	41
464	3	1	41
465	2	1	41
466	1	1	41
467	12	1	41
468	11	1	41
469	10	1	41
470	9	1	41
471	8	1	41
472	9	2	42
473	8	1	41
474	7	1	41
475	6	1	41
476	5	1	41
477	4	1	41
478	3	1	41
479	4	2	42
480	3	1	41
481	2	1	41
482	1	1	41
483	12	1	41
484	11	1	41
485	10	1	41
486	9	1	41
487	8	1	41
488	7	1	41
489	6	1	41
490	5	1	41
491	4	1	41
492	3	1	41
493	2	1	41
494	1	1	41
495	12	1	41
496	11	1	41
497	10	1	41
498	9	1	41
499	8	1	41
500	9	2	42
501	8	1	41
502	7	1	41
503	6	1	41
504	5	1	41
505	4	1	41
506	3	1	41
507	2	1	41
508	3	2	42
509	2	1	41
510	1	1	41
511	12	1	41
512	11	1	41
513	10	1	41
514	11	2	42
515	10	1	41
516	9	1	41
517	8	1	41
518	7	1	41
519	6	1	41
520	5	1	41
521	4	1	41
522	5	2	42
523	4	1	41
524	3	1	41
525	2	1	41
526	1	1	41
527	12	1	41
528	11	1	41
529	12	2	42
530	11	1	41
531	10	1	41
532	9	1	41
533	8	1	41
534	7	1	41
535	6	1	41
536	5	1	41
537	6	2	42
538	5	1	41
539	4	1	41
540	3	1	41
541	4	2	42
542	3	1	41
543	2	1	41
544	1	1	41
545	12	1	41
546	11	1	41
547	10	1	41
548	9	1	41
549	10	2	42
550	9	1	41
551	8	1	41
552	7	1	41
553	8	2	42
554	7	1	41
555	6	1	41
556	5	1	41
557	4	1	41
558	3	1	41
559	2	1	41
560	1	1	41
561	12	1	41
562	11	1	41
563	10	1	41
564	9	1	41
565	8	1	41
566	7	1	41
567	6	1	41
568	5	1	41
569	6	2	42
570	5	1	41
571	4	1	41
572	3	1	41
573	2	1	41
574	3	2	42
575	2	1	41
576	1	1	41
577	12	1	41
578	11	1	41
579	10	1	41
580	9	1	41
581	8	1	41
582	9	2	42
583	8	1	41
584	7	1	41
585	6	1	41
586	5	1	41
587	4	1	41
588	3	1	41
589	2	1	41
590	3	2	42
591	2	1	41
592	1	1	41
593	12	1	41
594	11	1	41
595	10	1	41
596	9	1	41
597	10	2	42
598	9	1	41
599	8	1	41
600	7	1	41
601	8	2	42
602	7	1	41
603	6	1	41
604	5	1	41
605	4	1	41
606	5	2	42
607	4	1	41
608	3	1	41
609	2	1	41
610	1	1	41
611	12	1	41
612	11	1	41
613	10	1	41
614	9	1	41
615	8	1	41
616	9	2	42
617	8	1	41
618	7	1	41
619	6	1	41
620	5	1	41
621	4	1	41
622	3	1	41
623	2	1	41
624	1	1	41
625	2	2	42
626	1	1	41
627	12	1	41
628	11	1	41
629	10	1	41
630	9	1	41
631	8	1	41
632	7	1	41
633	6	1	41
634	5	1	41
635	4	1	41
636	3	1	41
637	2	1	41
638	1	1	41
639	12	1	41
640	11	1	41
641	10	1	41
642	9	1	41
643	8	1	41
644	7	1	41
645	8	2	42
646	7	1	41
647	6	1	41
648	5	1	41
649	4	1	41
650	3	1	41
651	2	1	41
652	1	1	41
653	12	1	41
654	11	1	41
655	12	2	42
656	11	1	41
657	10	1	41
658	9	1	41
659	8	1	41
660	7	1	41
661	6	1	41
662	5	1	41
663	4	1	41
664	3	1	41
665	2	1	41
666	1	1	41
667	12	1	41
668	11	1	41
669	10	1	41
670	9	1	41
671	8	1	41
672	7	1	41
673	8	2	42
674	7	1	41
675	6	1	41
676	5	1	41
677	4	1	41
678	3	1	41
679	2	1	41
680	1	1	41
681	12	1	41
682	11	1	41
683	10	1	41
684	9	1	41
685	10	2	42
686	9	1	41
687	8	1	41
688	7	1	41
689	8	2	42
690	7	1	41
691	6	1	41
692	5	1	41
693	4	1	41
694	3	1	41
695	2	1	41
696	1	1	41
697	12	1	41
698	11	1	41
699	10	1	41
700	9	1	41
701	10	2	42
702	9	1	41
703	8	1	41
704	7	1	41
705	6	1	41
706	5	1	41
707	4	1	41
708	3	1	41
709	4	2	42
710	3	1	41
711	2	1	41
712	1	1	41
713	12	1	41
714	11	1	41
715	10	1	41
716	11	2	42
717	10	1	41
718	9	1	41
719	8	1	41
720	7	1	41
721	6	1	41
722	5	1	41
723	4	1	41
724	3	1	41
725	2	1	41
726	1	1	41
727	12	1	41
728	11	1	41
729	12	2	42
730	11	1	41
731	10	1	41
732	9	1	41
733	8	1	41
734	7	1	41
735	6	1	41
736	7	2	42
737	6	1	41
738	5	1	41
739	4	1	41
740	3	1	41
741	2	1	41
742	1	1	41
743	12	1	41
744	11	1	41
745	10	1	41
746	9	1	41
747	8	1	41
748	9	2	42
749	8	1	41
750	7	1	41
751	6	1	41
752	5	1	41
753	4	1	41
754	3	1	41
755	2	1	41
756	1	1	41
757	12	1	41
758	11	1	41
759	10	1	41
760	9	1	41
761	8	1	41
762	7	1	41
763	6	1	41
764	5	1	41
765	4	1	41
766	3	1	41
767	2	1	41
768	1	1	41
769	12	1	41
770	11	1	41
771	10	1	41
772	9	1	41
773	8	1	41
774	7	1	41
775	6	1	41
776	5	1	41
777	4	1	41
778	3	1	41
779	4	2	42
780	3	1	41
781	2	1	41
782	1	1	41
783	12	1	41
784	11	1	41
785	10	1	41
786	9	1	41
787	8	1	41
788	7	1	41
789	6	1	41
790	5	1	41
791	4	1	41
792	5	2	42
793	4	1	41
794	3	1	41
795	2	1	41
796	1	1	41
797	12	1	41
798	11	1	41
799	10	1	41
800	9	1	41
801	8	1	41
802	7	1	41
803	6	1	41
804	5	1	41
805	6	2	42
806	5	1	41
807	4	1	41
808	3	1	41
809	2	1	41
810	1	1	41
811	12	1	41
812	11	1	41
813	10	1	41
814	9	1	41
815	8	1	41
816	7	1	41
817	6	1	41
818	5	1	41
819	4	1	41
820	3	1	41
