1	12	1	21
2	11	1	21
3	10	1	21
4	9	1	21
5	8	1	21
6	7	1	21
7	6	1	21
8	5	1	21
9	4	1	21
10	5	2	22
11	4	1	21
12	3	1	21
13	2	1	21
14	1	1	21
15	12	1	21
16	11	1	21
17	10	1	21
18	9	1	21
19	8	1	21
20	7	1	21
21	6	1	21
22	5	1	21
23	4	1	21
24	3	1	21
25	2	1	21
26	1	1	21
27	12	1	21
28	11	1	21
29	10	1	21
30	9	1	21
31	10	2	22
32	9	1	21
33	8	1	21
34	7	1	21
35	8	2	22
36	7	1	21
37	6	1	21
38	5	1	21
39	4	1	21
40	3	1	21
41	2	1	21
42	1	1	21
43	12	1	21
44	11	1	21
45	10	1	21
46	9	1	21
47	8	1	21
48	7	1	21
49	6	1	21
50	5	1	21
51	4	1	21
52	3	1	21
53	2	1	21
54	1	1	21
55	12	1	21
56	1	2	22
57	12	1	21
58	11	1	21
59	10	1	21
60	9	1	21
61	8	1	21
62	7	1	21
63	6	1	21
64	5	1	21
65	4	1	21
66	3	1	21
67	4	2	22
68	3	1	21
69	2	1	21
70	1	1	21
71	12	1	21
72	11	1	21
73	10	1	21
74	9	1	21
75	8	1	21
76	7	1	21
77	6	1	21
78	5	1	21
79	4	1	21
80	5	2	22
81	4	1	21
82	3	1	21
83	2	1	21
84	1	1	21
85	12	1	21
86	11	1	21
87	10	1	21
88	9	1	21
89	8	1	21
90	7	1	21
91	6	1	21
92	5	1	21
93	4	1	21
94	3	1	21
95	2	1	21
96	1	1	21
97	2	2	22
98	1	1	21
99	12	1	21
100	11	1	21
101	10	1	21
102	9	1	21
103	8	1	21
104	7	1	21
105	6	1	21
106	5	1	21
107	4	1	21
108	3	1	21
109	2	1	21
110	1	1	21
111	12	1	21
112	11	1	21
113	10	1	21
114	11	2	22
115	10	1	21
116	9	1	21
117	8	1	21
118	7	1	21
119	6	1	21
120	5	1	21
121	4	1	21
122	3	1	21
123	2	1	21
124	1	1	21
125	12	1	21
126	11	1	21
127	10	1	21
128	11	2	22
129	10	1	21
130	9	1	21
131	8	1	21
132	7	1	21
133	6	1	21
134	5	1	21
135	4	1	21
136	3	1	21
137	2	1	21
138	1	1	21
139	12	1	21
140	1	2	22
141	12	1	21
142	11	1	21
143	10	1	21
144	9	1	21
145	10	2	22
146	9	1	21
147	8	1	21
148	7	1	21
149	6	1	21
150	5	1	21
151	4	1	21
152	3	1	21
153	2	1	21
154	1	1	21
155	2	2	22
156	1	1	21
157	12	1	21
158	11	1	21
159	10	1	21
160	9	1	21
161	8	1	21
162	7	1	21
163	6	1	21
164	7	2	22
165	6	1	21
166	5	1	21
167	4	1	21
168	3	1	21
169	2	1	21
170	1	1	21
171	2	2	22
172	1	1	21
173	12	1	21
174	11	1	21
175	10	1	21
176	9	1	21
177	8	1	21
178	7	1	21
179	6	1	21
180	5	1	21
181	4	1	21
182	3	1	21
183	2	1	21
184	3	2	22
185	2	1	21
186	1	1	21
187	12	1	21
188	11	1	21
189	12	2	22
190	11	1	21
191	10	1	21
192	9	1	21
193	8	1	21
194	7	1	21
195	6	1	21
196	7	2	22
197	6	1	21
198	5	1	21
199	4	1	21
200	3	1	21
201	4	2	22
202	3	1	21
203	2	1	21
204	1	1	21
205	12	1	21
206	11	1	21
207	10	1	21
208	9	1	21
209	8	1	21
210	7	1	21
211	6	1	21
212	5	1	21
213	4	1	21
214	5	2	22
215	4	1	21
216	3	1	21
217	2	1	21
218	1	1	21
219	12	1	21
220	11	1	21
221	10	1	21
222	9	1	21
223	8	1	21
224	7	1	21
225	6	1	21
226	5	1	21
227	6	2	22
228	5	1	21
229	4	1	21
230	3	1	21
231	2	1	21
232	1	1	21
233	12	1	21
234	11	1	21
235	10	1	21
236	9	1	21
237	8	1	21
238	7	1	21
239	6	1	21
240	5	1	21
241	4	1	21
242	5	2	22
243	4	1	21
244	3	1	21
245	2	1	21
246	1	1	21
247	12	1	21
248	11	1	21
249	10	1	21
250	9	1	21
251	8	1	21
252	7	1	21
253	8	2	22
254	7	1	21
255	6	1	21
256	5	1	21
257	4	1	21
258	3	1	21
259	2	1	21
260	1	1	21
261	12	1	21
262	1	2	22
263	12	1	21
264	11	1	21
265	10	1	21
266	9	1	21
267	8	1	21
268	7	1	21
269	6	1	21
270	5	1	21
271	4	1	21
272	3	1	21
273	2	1	21
274	1	1	21
275	2	2	22
276	1	1	21
277	12	1	21
278	11	1	21
279	10	1	21
280	11	2	22
281	10	1	21
282	9	1	21
283	8	1	21
284	7	1	21
285	6	1	21
286	5	1	21
287	6	2	22
288	5	1	21
289	4	1	21
290	3	1	21
291	2	1	21
292	3	2	22
293	2	1	21
294	1	1	21
295	12	1	21
296	11	1	21
297	10	1	21
298	9	1	21
299	8	1	21
300	9	2	22
301	8	1	21
302	7	1	21
303	6	1	21
304	5	1	21
305	4	1	21
306	3	1	21
307	2	1	21
308	1	1	21
309	2	2	22
310	1	1	21
311	12	1	21
312	11	1	21
313	10	1	21
314	9	1	21
315	8	1	21
316	7	1	21
317	6	1	21
318	5	1	21
319	4	1	21
320	3	1	21
321	2	1	21
322	1	1	21
323	12	1	21
324	11	1	21
325	10	1	21
326	11	2	22
327	10	1	21
328	9	1	21
329	8	1	21
330	9	2	22
331	8	1	21
332	7	1	21
333	6	1	21
334	5	1	21
335	4	1	21
336	3	1	21
337	2	1	21
338	1	1	21
339	12	1	21
340	11	1	21
341	10	1	21
342	11	2	22
343	10	1	21
344	9	1	21
345	8	1	21
346	7	1	21
347	6	1	21
348	5	1	21
349	4	1	21
350	3	1	21
351	2	1	21
352	1	1	21
353	12	1	21
354	11	1	21
355	10	1	21
356	9	1	21
357	8	1	21
358	7	1	21
359	6	1	21
360	7	2	22
361	6	1	21
362	5	1	21
363	4	1	21
364	3	1	21
365	2	1	21
366	1	1	21
367	12	1	21
368	11	1	21
369	10	1	21
370	9	1	21
371	8	1	21
372	7	1	21
373	6	1	21
374	5	1	21
375	6	2	22
376	5	1	21
377	4	1	21
378	3	1	21
379	4	2	22
380	3	1	21
381	2	1	21
382	1	1	21
383	12	1	21
384	11	1	21
385	10	1	21
386	9	1	21
387	8	1	21
388	7	1	21
389	6	1	21
390	5	1	21
391	6	2	22
392	5	1	21
393	4	1	21
394	3	1	21
395	2	1	21
396	1	1	21
397	12	1	21
398	11	1	21
399	10	1	21
400	11	2	22
401	10	1	21
402	9	1	21
403	8	1	21
404	7	1	21
405	6	1	21
406	5	1	21
407	4	1	21
408	3	1	21
409	2	1	21
410	1	1	21
411	12	1	21
412	11	1	21
413	10	1	21
414	9	1	21
415	8	1	21
416	7	1	21
417	6	1	21
418	5	1	21
419	4	1	21
420	3	1	21
421	2	1	21
422	1	1	21
423	12	1	21
424	11	1	21
425	10	1	21
426	9	1	21
427	10	2	22
428	9	1	21
429	8	1	21
430	7	1	21
431	6	1	21
432	5	1	21
433	4	1	21
434	3	1	21
435	2	1	21
436	3	2	22
437	2	1	21
438	1	1	21
439	12	1	21
440	11	1	21
441	12	2	22
442	11	1	21
443	10	1	21
444	9	1	21
445	8	1	21
446	7	1	21
447	6	1	21
448	5	1	21
449	4	1	21
450	3	1	21
451	2	1	21
452	1	1	21
453	12	1	21
454	11	1	21
455	10	1	21
456	9	1	21
457	8	1	21
458	9	2	22
459	8	1	21
460	7	1	21
461	6	1	21
462	7	2	22
463	6	1	21
464	5	1	21
465	4	1	21
466	3	1	21
467	2	1	21
468	1	1	21
469	12	1	21
470	11	1	21
471	10	1	21
472	9	1	21
473	8	1	21
474	7	1	21
475	6	1	21
476	5	1	21
477	4	1	21
478	3	1	21
479	2	1	21
480	3	2	22
481	2	1	21
482	1	1	21
483	12	1	21
484	11	1	21
485	10	1	21
486	9	1	21
487	8	1	21
488	7	1	21
489	6	1	21
490	5	1	21
491	4	1	21
492	3	1	21
493	2	1	21
494	1	1	21
495	12	1	21
496	1	2	22
497	12	1	21
498	11	1	21
499	10	1	21
500	9	1	21
501	8	1	21
502	7	1	21
503	6	1	21
504	5	1	21
505	4	1	21
506	3	1	21
507	2	1	21
508	3	2	22
509	2	1	21
510	1	1	21
511	12	1	21
512	11	1	21
513	12	2	22
514	11	1	21
515	10	1	21
516	9	1	21
517	8	1	21
518	7	1	21
519	8	2	22
520	7	1	21
521	6	1	21
522	5	1	21
523	4	1	21
524	3	1	21
525	2	1	21
526	1	1	21
527	12	1	21
528	11	1	21
529	10	1	21
530	9	1	21
531	8	1	21
532	7	1	21
533	6	1	21
534	5	1	21
535	6	2	22
536	5	1	21
537	4	1	21
538	3	1	21
539	2	1	21
540	1	1	21
541	12	1	21
542	11	1	21
543	10	1	21
544	9	1	21
545	8	1	21
546	7	1	21
547	6	1	21
548	5	1	21
549	4	1	21
550	3	1	21
551	2	1	21
552	1	1	21
553	12	1	21
554	11	1	21
555	10	1	21
556	9	1	21
557	8	1	21
558	7	1	21
559	8	2	22
560	7	1	21
561	6	1	21
562	5	1	21
563	4	1	21
564	3	1	21
565	2	1	21
566	1	1	21
567	2	2	22
568	1	1	21
569	12	1	21
570	11	1	21
571	10	1	21
572	9	1	21
573	8	1	21
574	7	1	21
575	8	2	22
576	7	1	21
577	6	1	21
578	5	1	21
579	4	1	21
580	3	1	21
581	4	2	22
582	3	1	21
583	2	1	21
584	1	1	21
585	12	1	21
586	1	2	22
587	12	1	21
588	11	1	21
589	10	1	21
590	9	1	21
591	8	1	21
592	9	2	22
593	8	1	21
594	7	1	21
595	6	1	21
596	7	2	22
597	6	1	21
598	5	1	21
599	4	1	21
600	3	1	21
601	2	1	21
602	1	1	21
603	12	1	21
604	11	1	21
605	10	1	21
606	9	1	21
607	8	1	21
608	7	1	21
609	6	1	21
610	7	2	22
611	6	1	21
612	5	1	21
613	4	1	21
614	3	1	21
615	2	1	21
616	1	1	21
617	12	1	21
618	11	1	21
619	12	2	22
620	11	1	21
621	10	1	21
622	9	1	21
623	8	1	21
624	7	1	21
625	6	1	21
626	5	1	21
627	4	1	21
628	5	2	22
629	4	1	21
630	3	1	21
631	2	1	21
632	1	1	21
633	12	1	21
634	11	1	21
635	10	1	21
636	9	1	21
637	8	1	21
638	7	1	21
639	6	1	21
640	5	1	21
641	4	1	21
642	3	1	21
643	2	1	21
644	1	1	21
645	12	1	21
646	11	1	21
647	12	2	22
648	11	1	21
649	10	1	21
650	9	1	21
651	10	2	22
652	9	1	21
653	8	1	21
654	7	1	21
655	6	1	21
656	7	2	22
657	6	1	21
658	5	1	21
659	4	1	21
660	3	1	21
661	2	1	21
662	1	1	21
663	12	1	21
664	1	2	22
665	12	1	21
666	11	1	21
667	10	1	21
668	9	1	21
669	8	1	21
670	9	2	22
671	8	1	21
672	7	1	21
673	6	1	21
674	5	1	21
675	4	1	21
676	3	1	21
677	2	1	21
678	1	1	21
679	12	1	21
680	11	1	21
681	12	2	22
682	11	1	21
683	10	1	21
684	9	1	21
685	8	1	21
686	7	1	21
687	6	1	21
688	5	1	21
689	4	1	21
690	3	1	21
691	2	1	21
692	1	1	21
693	12	1	21
694	11	1	21
695	10	1	21
696	9	1	21
697	10	2	22
698	9	1	21
699	8	1	21
700	7	1	21
701	6	1	21
702	5	1	21
703	4	1	21
704	5	2	22
705	4	1	21
706	3	1	21
707	2	1	21
708	1	1	21
709	12	1	21
710	11	1	21
711	10	1	21
712	9	1	21
713	8	1	21
714	7	1	21
715	6	1	21
716	5	1	21
717	4	1	21
718	3	1	21
719	2	1	21
720	3	2	22
721	2	1	21
722	1	1	21
723	12	1	21
724	11	1	21
725	10	1	21
726	9	1	21
727	8	1	21
728	7	1	21
729	6	1	21
730	5	1	21
731	4	1	21
732	3	1	21
733	2	1	21
734	1	1	21
735	12	1	21
736	11	1	21
737	10	1	21
738	11	2	22
739	10	1	21
740	9	1	21
741	8	1	21
742	7	1	21
743	6	1	21
744	5	1	21
745	4	1	21
746	3	1	21
747	2	1	21
748	3	2	22
749	2	1	21
750	1	1	21
751	12	1	21
752	11	1	21
753	10	1	21
754	9	1	21
755	8	1	21
756	7	1	21
757	6	1	21
758	5	1	21
759	4	1	21
760	3	1	21
761	4	2	22
762	3	1	21
763	2	1	21
764	1	1	21
765	12	1	21
766	11	1	21
767	10	1	21
768	9	1	21
769	10	2	22
770	9	1	21
771	8	1	21
772	7	1	21
773	8	2	22
774	7	1	21
775	6	1	21
776	5	1	21
777	4	1	21
778	3	1	21
779	2	1	21
780	1	1	21
781	12	1	21
782	11	1	21
783	10	1	21
784	9	1	21
785	8	1	21
786	7	1	21
787	6	1	21
788	5	1	21
789	4	1	21
790	3	1	21
791	2	1	21
792	1	1	21
793	12	1	21
794	11	1	21
795	10	1	21
796	9	1	21
797	8	1	21
798	9	2	22
799	8	1	21
800	7	1	21
801	6	1	21
802	5	1	21
803	4	1	21
804	3	1	21
805	2	1	21
806	1	1	21
807	12	1	21
808	11	1	21
809	10	1	21
810	9	1	21
811	8	1	21
812	7	1	21
813	6	1	21
814	5	1	21
815	6	2	22
816	5	1	21
817	4	1	21
818	3	1	21
819	4	2	22
820	3	1	21
