1	12	1	41
2	11	1	41
3	10	1	41
4	9	1	41
5	8	1	41
6	7	1	41
7	8	2	42
8	7	1	41
9	6	1	41
10	5	1	41
11	6	2	42
12	5	1	41
13	4	1	41
14	3	1	41
15	2	1	41
16	1	1	41
17	12	1	41
18	11	1	41
19	10	1	41
20	11	2	42
21	10	1	41
22	9	1	41
23	8	1	41
24	9	2	42
25	8	1	41
26	7	1	41
27	6	1	41
28	5	1	41
29	6	2	42
30	5	1	41
31	4	1	41
32	3	1	41
33	2	1	41
34	1	1	41
35	12	1	41
36	11	1	41
37	10	1	41
38	9	1	41
39	8	1	41
40	7	1	41
41	6	1	41
42	5	1	41
43	4	1	41
44	3	1	41
45	4	2	42
46	3	1	41
47	2	1	41
48	1	1	41
49	2	2	42
50	1	1	41
51	12	1	41
52	11	1	41
53	10	1	41
54	9	1	41
55	8	1	41
56	9	2	42
57	8	1	41
58	7	1	41
59	6	1	41
60	5	1	41
61	6	2	42
62	5	1	41
63	4	1	41
64	3	1	41
65	4	2	42
66	3	1	41
67	2	1	41
68	1	1	41
69	12	1	41
70	11	1	41
71	10	1	41
72	9	1	41
73	8	1	41
74	7	1	41
75	6	1	41
76	5	1	41
77	4	1	41
78	3	1	41
79	2	1	41
80	3	2	42
81	2	1	41
82	1	1	41
83	12	1	41
84	11	1	41
85	10	1	41
86	9	1	41
87	10	2	42
88	9	1	41
89	8	1	41
90	7	1	41
91	6	1	41
92	5	1	41
93	4	1	41
94	3	1	41
95	2	1	41
96	1	1	41
97	12	1	41
98	11	1	41
99	10	1	41
100	9	1	41
101	8	1	41
102	9	2	42
103	8	1	41
104	7	1	41
105	6	1	41
106	7	2	42
107	6	1	41
108	5	1	41
109	4	1	41
110	3	1	41
111	4	2	42
112	3	1	41
113	2	1	41
114	1	1	41
115	12	1	41
116	11	1	41
117	10	1	41
118	9	1	41
119	8	1	41
120	7	1	41
121	6	1	41
122	5	1	41
123	4	1	41
124	5	2	42
125	4	1	41
126	3	1	41
127	2	1	41
128	1	1	41
129	12	1	41
130	11	1	41
131	10	1	41
132	9	1	41
133	8	1	41
134	9	2	42
135	8	1	41
136	7	1	41
137	6	1	41
138	7	2	42
139	6	1	41
140	5	1	41
141	4	1	41
142	5	2	42
143	4	1	41
144	3	1	41
145	2	1	41
146	3	2	42
147	2	1	41
148	1	1	41
149	12	1	41
150	11	1	41
151	10	1	41
152	9	1	41
153	8	1	41
154	7	1	41
155	6	1	41
156	5	1	41
157	4	1	41
158	3	1	41
159	2	1	41
160	1	1	41
161	12	1	41
162	11	1	41
163	10	1	41
164	9	1	41
165	8	1	41
166	7	1	41
167	6	1	41
168	5	1	41
169	4	1	41
170	3	1	41
171	2	1	41
172	1	1	41
173	12	1	41
174	11	1	41
175	10	1	41
176	11	2	42
177	10	1	41
178	9	1	41
179	8	1	41
180	7	1	41
181	6	1	41
182	5	1	41
183	4	1	41
184	3	1	41
185	2	1	41
186	3	2	42
187	2	1	41
188	1	1	41
189	12	1	41
190	11	1	41
191	10	1	41
192	9	1	41
193	8	1	41
194	7	1	41
195	6	1	41
196	5	1	41
197	6	2	42
198	5	1	41
199	4	1	41
200	3	1	41
201	2	1	41
202	1	1	41
203	12	1	41
204	11	1	41
205	10	1	41
206	9	1	41
207	8	1	41
208	7	1	41
209	6	1	41
210	7	2	42
211	6	1	41
212	5	1	41
213	4	1	41
214	5	2	42
215	4	1	41
216	3	1	41
217	2	1	41
218	1	1	41
219	12	1	41
220	11	1	41
221	10	1	41
222	9	1	41
223	8	1	41
224	7	1	41
225	6	1	41
226	5	1	41
227	6	2	42
228	5	1	41
229	4	1	41
230	3	1	41
231	2	1	41
232	1	1	41
233	12	1	41
234	11	1	41
235	12	2	42
236	11	1	41
237	10	1	41
238	9	1	41
239	8	1	41
240	7	1	41
241	6	1	41
242	5	1	41
243	4	1	41
244	3	1	41
245	2	1	41
246	1	1	41
247	12	1	41
248	11	1	41
249	12	2	42
250	11	1	41
251	10	1	41
252	9	1	41
253	8	1	41
254	7	1	41
255	6	1	41
256	5	1	41
257	4	1	41
258	3	1	41
259	2	1	41
260	1	1	41
261	12	1	41
262	11	1	41
263	10	1	41
264	9	1	41
265	8	1	41
266	7	1	41
267	8	2	42
268	7	1	41
269	6	1	41
270	5	1	41
271	4	1	41
272	3	1	41
273	4	2	42
274	3	1	41
275	2	1	41
276	1	1	41
277	12	1	41
278	11	1	41
279	10	1	41
280	9	1	41
281	8	1	41
282	7	1	41
283	6	1	41
284	5	1	41
285	4	1	41
286	3	1	41
287	2	1	41
288	1	1	41
289	12	1	41
290	11	1	41
291	10	1	41
292	9	1	41
293	10	2	42
294	9	1	41
295	8	1	41
296	7	1	41
297	6	1	41
298	5	1	41
299	4	1	41
300	3	1	41
301	2	1	41
302	1	1	41
303	2	2	42
304	1	1	41
305	12	1	41
306	11	1	41
307	10	1	41
308	9	1	41
309	8	1	41
310	7	1	41
311	8	2	42
312	7	1	41
313	6	1	41
314	5	1	41
315	4	1	41
316	3	1	41
317	2	1	41
318	3	2	42
319	2	1	41
320	1	1	41
321	12	1	41
322	11	1	41
323	10	1	41
324	11	2	42
325	10	1	41
326	9	1	41
327	8	1	41
328	7	1	41
329	6	1	41
330	5	1	41
331	4	1	41
332	5	2	42
333	4	1	41
334	3	1	41
335	2	1	41
336	1	1	41
337	12	1	41
338	11	1	41
339	12	2	42
340	11	1	41
341	10	1	41
342	9	1	41
343	8	1	41
344	7	1	41
345	6	1	41
346	5	1	41
347	4	1	41
348	3	1	41
349	2	1	41
350	1	1	41
351	12	1	41
352	11	1	41
353	10	1	41
354	9	1	41
355	8	1	41
356	7	1	41
357	8	2	42
358	7	1	41
359	6	1	41
360	5	1	41
361	4	1	41
362	3	1	41
363	2	1	41
364	1	1	41
365	12	1	41
366	11	1	41
367	12	2	42
368	11	1	41
369	10	1	41
370	9	1	41
371	8	1	41
372	7	1	41
373	6	1	41
374	5	1	41
375	4	1	41
376	3	1	41
377	2	1	41
378	1	1	41
379	12	1	41
380	11	1	41
381	10	1	41
382	9	1	41
383	8	1	41
384	7	1	41
385	6	1	41
386	5	1	41
387	4	1	41
388	3	1	41
389	2	1	41
390	1	1	41
391	12	1	41
392	11	1	41
393	10	1	41
394	11	2	42
395	10	1	41
396	9	1	41
397	8	1	41
398	7	1	41
399	6	1	41
400	5	1	41
401	4	1	41
402	3	1	41
403	2	1	41
404	1	1	41
405	12	1	41
406	11	1	41
407	10	1	41
408	9	1	41
409	8	1	41
410	7	1	41
411	6	1	41
412	5	1	41
413	4	1	41
414	3	1	41
415	4	2	42
416	3	1	41
417	2	1	41
418	1	1	41
419	12	1	41
420	11	1	41
421	10	1	41
422	9	1	41
423	8	1	41
424	7	1	41
425	6	1	41
426	5	1	41
427	4	1	41
428	3	1	41
429	2	1	41
430	1	1	41
431	12	1	41
432	11	1	41
433	10	1	41
434	9	1	41
435	10	2	42
436	9	1	41
437	8	1	41
438	7	1	41
439	6	1	41
440	5	1	41
441	6	2	42
442	5	1	41
443	4	1	41
444	3	1	41
445	2	1	41
446	3	2	42
447	2	1	41
448	1	1	41
449	12	1	41
450	11	1	41
451	12	2	42
452	11	1	41
453	10	1	41
454	9	1	41
455	8	1	41
456	7	1	41
457	6	1	41
458	5	1	41
459	4	1	41
460	3	1	41
461	2	1	41
462	1	1	41
463	2	2	42
464	1	1	41
465	12	1	41
466	11	1	41
467	10	1	41
468	9	1	41
469	8	1	41
470	7	1	41
471	6	1	41
472	5	1	41
473	4	1	41
474	3	1	41
475	2	1	41
476	1	1	41
477	12	1	41
478	11	1	41
479	12	2	42
480	11	1	41
481	10	1	41
482	9	1	41
483	8	1	41
484	7	1	41
485	6	1	41
486	5	1	41
487	4	1	41
488	3	1	41
489	2	1	41
490	1	1	41
491	12	1	41
492	11	1	41
493	10	1	41
494	9	1	41
495	8	1	41
496	7	1	41
497	6	1	41
498	5	1	41
499	4	1	41
500	3	1	41
501	2	1	41
502	1	1	41
503	2	2	42
504	1	1	41
505	12	1	41
506	11	1	41
507	10	1	41
508	9	1	41
509	8	1	41
510	7	1	41
511	6	1	41
512	5	1	41
513	4	1	41
514	3	1	41
515	4	2	42
516	3	1	41
517	2	1	41
518	1	1	41
519	12	1	41
520	11	1	41
521	12	2	42
522	11	1	41
523	10	1	41
524	9	1	41
525	8	1	41
526	7	1	41
527	6	1	41
528	7	2	42
529	6	1	41
530	5	1	41
531	4	1	41
532	3	1	41
533	2	1	41
534	1	1	41
535	2	2	42
536	1	1	41
537	12	1	41
538	11	1	41
539	10	1	41
540	9	1	41
541	8	1	41
542	7	1	41
543	6	1	41
544	5	1	41
545	4	1	41
546	5	2	42
547	4	1	41
548	3	1	41
549	2	1	41
550	1	1	41
551	12	1	41
552	11	1	41
553	10	1	41
554	9	1	41
555	10	2	42
556	9	1	41
557	8	1	41
558	7	1	41
559	6	1	41
560	5	1	41
561	4	1	41
562	3	1	41
563	2	1	41
564	3	2	42
565	2	1	41
566	1	1	41
567	12	1	41
568	11	1	41
569	10	1	41
570	9	1	41
571	8	1	41
572	7	1	41
573	8	2	42
574	7	1	41
575	6	1	41
576	5	1	41
577	4	1	41
578	3	1	41
579	2	1	41
580	1	1	41
581	12	1	41
582	11	1	41
583	10	1	41
584	9	1	41
585	8	1	41
586	9	2	42
587	8	1	41
588	7	1	41
589	6	1	41
590	7	2	42
591	6	1	41
592	5	1	41
593	4	1	41
594	3	1	41
595	2	1	41
596	1	1	41
597	2	2	42
598	1	1	41
599	12	1	41
600	11	1	41
601	10	1	41
602	9	1	41
603	10	2	42
604	9	1	41
605	8	1	41
606	7	1	41
607	6	1	41
608	5	1	41
609	4	1	41
610	3	1	41
611	2	1	41
612	1	1	41
613	12	1	41
614	11	1	41
615	10	1	41
616	9	1	41
617	8	1	41
618	7	1	41
619	6	1	41
620	5	1	41
621	4	1	41
622	3	1	41
623	2	1	41
624	1	1	41
625	12	1	41
626	11	1	41
627	10	1	41
628	9	1	41
629	8	1	41
630	7	1	41
631	6	1	41
632	5	1	41
633	6	2	42
634	5	1	41
635	4	1	41
636	3	1	41
637	2	1	41
638	1	1	41
639	12	1	41
640	11	1	41
641	10	1	41
642	9	1	41
643	8	1	41
644	7	1	41
645	6	1	41
646	5	1	41
647	4	1	41
648	3	1	41
649	2	1	41
650	1	1	41
651	12	1	41
652	11	1	41
653	10	1	41
654	11	2	42
655	10	1	41
656	9	1	41
657	8	1	41
658	7	1	41
659	6	1	41
660	5	1	41
661	4	1	41
662	3	1	41
663	2	1	41
664	1	1	41
665	12	1	41
666	11	1	41
667	10	1	41
668	9	1	41
669	10	2	42
670	9	1	41
671	8	1	41
672	7	1	41
673	6	1	41
674	5	1	41
675	4	1	41
676	3	1	41
677	2	1	41
678	1	1	41
679	12	1	41
680	11	1	41
681	10	1	41
682	9	1	41
683	8	1	41
684	7	1	41
685	8	2	42
686	7	1	41
687	6	1	41
688	5	1	41
689	4	1	41
690	3	1	41
691	4	2	42
692	3	1	41
693	2	1	41
694	1	1	41
695	12	1	41
696	11	1	41
697	10	1	41
698	9	1	41
699	8	1	41
700	7	1	41
701	6	1	41
702	5	1	41
703	4	1	41
704	5	2	42
705	4	1	41
706	3	1	41
707	2	1	41
708	1	1	41
709	12	1	41
710	11	1	41
711	10	1	41
712	9	1	41
713	8	1	41
714	7	1	41
715	6	1	41
716	5	1	41
717	4	1	41
718	3	1	41
719	2	1	41
720	1	1	41
721	2	2	42
722	1	1	41
723	12	1	41
724	11	1	41
725	10	1	41
726	9	1	41
727	8	1	41
728	7	1	41
729	6	1	41
730	5	1	41
731	4	1	41
732	3	1	41
733	2	1	41
734	1	1	41
735	12	1	41
736	11	1	41
737	10	1	41
738	9	1	41
739	8	1	41
740	9	2	42
741	8	1	41
742	7	1	41
743	6	1	41
744	7	2	42
745	6	1	41
746	5	1	41
747	4	1	41
748	3	1	41
749	2	1	41
750	1	1	41
751	12	1	41
752	11	1	41
753	10	1	41
754	11	2	42
755	10	1	41
756	9	1	41
757	8	1	41
758	7	1	41
759	6	1	41
760	5	1	41
761	4	1	41
762	3	1	41
763	2	1	41
764	1	1	41
765	12	1	41
766	11	1	41
767	10	1	41
768	11	2	42
769	10	1	41
770	9	1	41
771	8	1	41
772	7	1	41
773	6	1	41
774	5	1	41
775	4	1	41
776	3	1	41
777	2	1	41
778	1	1	41
779	12	1	41
780	11	1	41
781	10	1	41
782	9	1	41
783	10	2	42
784	9	1	41
785	8	1	41
786	7	1	41
787	8	2	42
788	7	1	41
789	6	1	41
790	5	1	41
791	4	1	41
792	3	1	41
793	2	1	41
794	1	1	41
795	12	1	41
796	11	1	41
797	10	1	41
798	9	1	41
799	8	1	41
800	7	1	41
801	6	1	41
802	7	2	42
803	6	1	41
804	5	1	41
805	4	1	41
806	5	2	42
807	4	1	41
808	3	1	41
809	2	1	41
810	1	1	41
811	12	1	41
812	11	1	41
813	10	1	41
814	9	1	41
815	8	1	41
816	7	1	41
817	6	1	41
818	5	1	41
819	4	1	41
820	3	1	41
