1	12	1	21
2	11	1	21
3	10	1	21
4	9	1	21
5	8	1	21
6	7	1	21
7	6	1	21
8	7	2	22
9	6	1	21
10	5	1	21
11	4	1	21
12	3	1	21
13	4	2	22
14	3	1	21
15	2	1	21
16	1	1	21
17	2	2	22
18	1	1	21
19	12	1	21
20	11	1	21
21	12	2	22
22	11	1	21
23	10	1	21
24	9	1	21
25	8	1	21
26	7	1	21
27	6	1	21
28	5	1	21
29	4	1	21
30	3	1	21
31	2	1	21
32	1	1	21
33	12	1	21
34	11	1	21
35	10	1	21
36	9	1	21
37	8	1	21
38	7	1	21
39	8	2	22
40	7	1	21
41	6	1	21
42	5	1	21
43	4	1	21
44	3	1	21
45	2	1	21
46	1	1	21
47	2	2	22
48	1	1	21
49	12	1	21
50	11	1	21
51	10	1	21
52	9	1	21
53	8	1	21
54	7	1	21
55	6	1	21
56	5	1	21
57	4	1	21
58	3	1	21
59	2	1	21
60	1	1	21
61	12	1	21
62	1	2	22
63	12	1	21
64	11	1	21
65	10	1	21
66	9	1	21
67	8	1	21
68	7	1	21
69	6	1	21
70	7	2	22
71	6	1	21
72	5	1	21
73	4	1	21
74	3	1	21
75	2	1	21
76	1	1	21
77	12	1	21
78	11	1	21
79	10	1	21
80	9	1	21
81	8	1	21
82	9	2	22
83	8	1	21
84	7	1	21
85	6	1	21
86	5	1	21
87	4	1	21
88	3	1	21
89	2	1	21
90	1	1	21
91	12	1	21
92	1	2	22
93	12	1	21
94	11	1	21
95	10	1	21
96	9	1	21
97	8	1	21
98	7	1	21
99	8	2	22
100	7	1	21
101	6	1	21
102	5	1	21
103	4	1	21
104	5	2	22
105	4	1	21
106	3	1	21
107	2	1	21
108	3	2	22
109	2	1	21
110	1	1	21
111	12	1	21
112	11	1	21
113	10	1	21
114	9	1	21
115	10	2	22
116	9	1	21
117	8	1	21
118	7	1	21
119	6	1	21
120	5	1	21
121	6	2	22
122	5	1	21
123	4	1	21
124	3	1	21
125	2	1	21
126	1	1	21
127	12	1	21
128	11	1	21
129	10	1	21
130	9	1	21
131	8	1	21
132	7	1	21
133	6	1	21
134	7	2	22
135	6	1	21
136	5	1	21
137	4	1	21
138	3	1	21
139	4	2	22
140	3	1	21
141	2	1	21
142	1	1	21
143	12	1	21
144	11	1	21
145	10	1	21
146	9	1	21
147	8	1	21
148	9	2	22
149	8	1	21
150	7	1	21
151	6	1	21
152	5	1	21
153	4	1	21
154	3	1	21
155	2	1	21
156	1	1	21
157	12	1	21
158	11	1	21
159	10	1	21
160	9	1	21
161	8	1	21
162	7	1	21
163	6	1	21
164	5	1	21
165	4	1	21
166	3	1	21
167	4	2	22
168	3	1	21
169	2	1	21
170	1	1	21
171	12	1	21
172	11	1	21
173	10	1	21
174	11	2	22
175	10	1	21
176	9	1	21
177	8	1	21
178	7	1	21
179	6	1	21
180	5	1	21
181	4	1	21
182	5	2	22
183	4	1	21
184	3	1	21
185	2	1	21
186	3	2	22
187	2	1	21
188	1	1	21
189	12	1	21
190	11	1	21
191	10	1	21
192	11	2	22
193	10	1	21
194	9	1	21
195	8	1	21
196	9	2	22
197	8	1	21
198	7	1	21
199	6	1	21
200	5	1	21
201	6	2	22
202	5	1	21
203	4	1	21
204	3	1	21
205	2	1	21
206	1	1	21
207	12	1	21
208	11	1	21
209	10	1	21
210	11	2	22
211	10	1	21
212	9	1	21
213	8	1	21
214	7	1	21
215	6	1	21
216	5	1	21
217	4	1	21
218	3	1	21
219	2	1	21
220	1	1	21
221	12	1	21
222	11	1	21
223	10	1	21
224	9	1	21
225	10	2	22
226	9	1	21
227	8	1	21
228	7	1	21
229	6	1	21
230	5	1	21
231	4	1	21
232	3	1	21
233	2	1	21
234	3	2	22
235	2	1	21
236	1	1	21
237	12	1	21
238	11	1	21
239	10	1	21
240	9	1	21
241	8	1	21
242	7	1	21
243	6	1	21
244	5	1	21
245	4	1	21
246	5	2	22
247	4	1	21
248	3	1	21
249	2	1	21
250	1	1	21
251	12	1	21
252	11	1	21
253	10	1	21
254	9	1	21
255	8	1	21
256	7	1	21
257	6	1	21
258	5	1	21
259	4	1	21
260	3	1	21
261	2	1	21
262	1	1	21
263	12	1	21
264	11	1	21
265	10	1	21
266	9	1	21
267	10	2	22
268	9	1	21
269	8	1	21
270	7	1	21
271	6	1	21
272	5	1	21
273	4	1	21
274	5	2	22
275	4	1	21
276	3	1	21
277	2	1	21
278	1	1	21
279	2	2	22
280	1	1	21
281	12	1	21
282	11	1	21
283	10	1	21
284	9	1	21
285	8	1	21
286	7	1	21
287	6	1	21
288	5	1	21
289	4	1	21
290	5	2	22
291	4	1	21
292	3	1	21
293	2	1	21
294	3	2	22
295	2	1	21
296	1	1	21
297	12	1	21
298	1	2	22
299	12	1	21
300	11	1	21
301	10	1	21
302	9	1	21
303	8	1	21
304	9	2	22
305	8	1	21
306	7	1	21
307	6	1	21
308	5	1	21
309	6	2	22
310	5	1	21
311	4	1	21
312	3	1	21
313	2	1	21
314	1	1	21
315	12	1	21
316	11	1	21
317	10	1	21
318	9	1	21
319	8	1	21
320	7	1	21
321	8	2	22
322	7	1	21
323	6	1	21
324	5	1	21
325	4	1	21
326	3	1	21
327	2	1	21
328	1	1	21
329	12	1	21
330	11	1	21
331	10	1	21
332	9	1	21
333	8	1	21
334	7	1	21
335	6	1	21
336	7	2	22
337	6	1	21
338	5	1	21
339	4	1	21
340	5	2	22
341	4	1	21
342	3	1	21
343	2	1	21
344	1	1	21
345	2	2	22
346	1	1	21
347	12	1	21
348	11	1	21
349	10	1	21
350	9	1	21
351	8	1	21
352	7	1	21
353	6	1	21
354	5	1	21
355	4	1	21
356	3	1	21
357	2	1	21
358	1	1	21
359	2	2	22
360	1	1	21
361	12	1	21
362	11	1	21
363	10	1	21
364	9	1	21
365	8	1	21
366	7	1	21
367	6	1	21
368	5	1	21
369	4	1	21
370	3	1	21
371	4	2	22
372	3	1	21
373	2	1	21
374	1	1	21
375	12	1	21
376	11	1	21
377	10	1	21
378	9	1	21
379	8	1	21
380	7	1	21
381	8	2	22
382	7	1	21
383	6	1	21
384	5	1	21
385	4	1	21
386	3	1	21
387	2	1	21
388	1	1	21
389	12	1	21
390	11	1	21
391	10	1	21
392	9	1	21
393	8	1	21
394	7	1	21
395	6	1	21
396	5	1	21
397	4	1	21
398	3	1	21
399	2	1	21
400	1	1	21
401	12	1	21
402	11	1	21
403	10	1	21
404	9	1	21
405	8	1	21
406	7	1	21
407	6	1	21
408	5	1	21
409	4	1	21
410	3	1	21
411	2	1	21
412	1	1	21
413	12	1	21
414	11	1	21
415	10	1	21
416	9	1	21
417	8	1	21
418	7	1	21
419	6	1	21
420	5	1	21
421	4	1	21
422	3	1	21
423	2	1	21
424	1	1	21
425	12	1	21
426	11	1	21
427	10	1	21
428	9	1	21
429	8	1	21
430	7	1	21
431	6	1	21
432	5	1	21
433	4	1	21
434	3	1	21
435	2	1	21
436	1	1	21
437	12	1	21
438	1	2	22
439	12	1	21
440	11	1	21
441	10	1	21
442	9	1	21
443	8	1	21
444	7	1	21
445	6	1	21
446	5	1	21
447	4	1	21
448	3	1	21
449	2	1	21
450	1	1	21
451	12	1	21
452	11	1	21
453	10	1	21
454	9	1	21
455	8	1	21
456	7	1	21
457	6	1	21
458	5	1	21
459	4	1	21
460	3	1	21
461	2	1	21
462	1	1	21
463	12	1	21
464	1	2	22
465	12	1	21
466	11	1	21
467	10	1	21
468	9	1	21
469	8	1	21
470	7	1	21
471	6	1	21
472	5	1	21
473	4	1	21
474	3	1	21
475	2	1	21
476	1	1	21
477	12	1	21
478	11	1	21
479	10	1	21
480	11	2	22
481	10	1	21
482	9	1	21
483	8	1	21
484	7	1	21
485	6	1	21
486	5	1	21
487	4	1	21
488	3	1	21
489	4	2	22
490	3	1	21
491	2	1	21
492	1	1	21
493	12	1	21
494	11	1	21
495	12	2	22
496	11	1	21
497	10	1	21
498	9	1	21
499	8	1	21
500	7	1	21
501	6	1	21
502	5	1	21
503	4	1	21
504	3	1	21
505	2	1	21
506	1	1	21
507	12	1	21
508	11	1	21
509	10	1	21
510	9	1	21
511	8	1	21
512	7	1	21
513	6	1	21
514	7	2	22
515	6	1	21
516	5	1	21
517	4	1	21
518	3	1	21
519	2	1	21
520	1	1	21
521	12	1	21
522	11	1	21
523	10	1	21
524	11	2	22
525	10	1	21
526	9	1	21
527	8	1	21
528	9	2	22
529	8	1	21
530	7	1	21
531	6	1	21
532	5	1	21
533	4	1	21
534	3	1	21
535	2	1	21
536	1	1	21
537	12	1	21
538	11	1	21
539	10	1	21
540	11	2	22
541	10	1	21
542	9	1	21
543	8	1	21
544	7	1	21
545	6	1	21
546	5	1	21
547	6	2	22
548	5	1	21
549	4	1	21
550	3	1	21
551	2	1	21
552	1	1	21
553	12	1	21
554	1	2	22
555	12	1	21
556	11	1	21
557	10	1	21
558	9	1	21
559	8	1	21
560	9	2	22
561	8	1	21
562	7	1	21
563	6	1	21
564	5	1	21
565	4	1	21
566	3	1	21
567	2	1	21
568	1	1	21
569	12	1	21
570	11	1	21
571	10	1	21
572	9	1	21
573	8	1	21
574	7	1	21
575	6	1	21
576	5	1	21
577	4	1	21
578	3	1	21
579	2	1	21
580	1	1	21
581	12	1	21
582	11	1	21
583	10	1	21
584	9	1	21
585	8	1	21
586	7	1	21
587	6	1	21
588	5	1	21
589	4	1	21
590	3	1	21
591	2	1	21
592	1	1	21
593	12	1	21
594	11	1	21
595	10	1	21
596	9	1	21
597	8	1	21
598	7	1	21
599	6	1	21
600	5	1	21
601	6	2	22
602	5	1	21
603	4	1	21
604	3	1	21
605	2	1	21
606	1	1	21
607	12	1	21
608	11	1	21
609	10	1	21
610	9	1	21
611	8	1	21
612	7	1	21
613	6	1	21
614	5	1	21
615	4	1	21
616	3	1	21
617	2	1	21
618	1	1	21
619	12	1	21
620	11	1	21
621	12	2	22
622	11	1	21
623	10	1	21
624	9	1	21
625	8	1	21
626	7	1	21
627	6	1	21
628	7	2	22
629	6	1	21
630	5	1	21
631	4	1	21
632	3	1	21
633	2	1	21
634	1	1	21
635	2	2	22
636	1	1	21
637	12	1	21
638	11	1	21
639	10	1	21
640	9	1	21
641	8	1	21
642	7	1	21
643	6	1	21
644	5	1	21
645	4	1	21
646	3	1	21
647	2	1	21
648	1	1	21
649	12	1	21
650	11	1	21
651	10	1	21
652	9	1	21
653	10	2	22
654	9	1	21
655	8	1	21
656	7	1	21
657	6	1	21
658	5	1	21
659	4	1	21
660	3	1	21
661	4	2	22
662	3	1	21
663	2	1	21
664	1	1	21
665	12	1	21
666	11	1	21
667	10	1	21
668	9	1	21
669	8	1	21
670	7	1	21
671	6	1	21
672	5	1	21
673	4	1	21
674	3	1	21
675	2	1	21
676	3	2	22
677	2	1	21
678	1	1	21
679	12	1	21
680	11	1	21
681	10	1	21
682	9	1	21
683	8	1	21
684	7	1	21
685	6	1	21
686	5	1	21
687	6	2	22
688	5	1	21
689	4	1	21
690	3	1	21
691	2	1	21
692	1	1	21
693	12	1	21
694	11	1	21
695	10	1	21
696	11	2	22
697	10	1	21
698	9	1	21
699	8	1	21
700	7	1	21
701	6	1	21
702	5	1	21
703	4	1	21
704	3	1	21
705	2	1	21
706	1	1	21
707	12	1	21
708	11	1	21
709	10	1	21
710	9	1	21
711	8	1	21
712	7	1	21
713	6	1	21
714	5	1	21
715	4	1	21
716	3	1	21
717	2	1	21
718	1	1	21
719	12	1	21
720	11	1	21
721	10	1	21
722	9	1	21
723	8	1	21
724	7	1	21
725	6	1	21
726	5	1	21
727	4	1	21
728	3	1	21
729	2	1	21
730	1	1	21
731	12	1	21
732	11	1	21
733	12	2	22
734	11	1	21
735	10	1	21
736	9	1	21
737	8	1	21
738	7	1	21
739	6	1	21
740	5	1	21
741	4	1	21
742	3	1	21
743	2	1	21
744	1	1	21
745	12	1	21
746	11	1	21
747	12	2	22
748	11	1	21
749	10	1	21
750	9	1	21
751	8	1	21
752	7	1	21
753	6	1	21
754	5	1	21
755	4	1	21
756	3	1	21
757	2	1	21
758	3	2	22
759	2	1	21
760	1	1	21
761	12	1	21
762	11	1	21
763	12	2	22
764	11	1	21
765	10	1	21
766	9	1	21
767	10	2	22
768	9	1	21
769	8	1	21
770	7	1	21
771	8	2	22
772	7	1	21
773	6	1	21
774	5	1	21
775	4	1	21
776	3	1	21
777	2	1	21
778	1	1	21
779	12	1	21
780	1	2	22
781	12	1	21
782	11	1	21
783	10	1	21
784	9	1	21
785	8	1	21
786	7	1	21
787	8	2	22
788	7	1	21
789	6	1	21
790	5	1	21
791	4	1	21
792	3	1	21
793	2	1	21
794	1	1	21
795	12	1	21
796	11	1	21
797	10	1	21
798	9	1	21
799	10	2	22
800	9	1	21
801	8	1	21
802	7	1	21
803	6	1	21
804	5	1	21
805	4	1	21
806	3	1	21
807	2	1	21
808	1	1	21
809	2	2	22
810	1	1	21
811	12	1	21
812	11	1	21
813	10	1	21
814	9	1	21
815	8	1	21
816	7	1	21
817	6	1	21
818	5	1	21
819	4	1	21
820	3	1	21
