1	12	1	21
2	11	1	21
3	10	1	21
4	9	1	21
5	8	1	21
6	7	1	21
7	6	1	21
8	5	1	21
9	6	2	22
10	5	1	21
11	4	1	21
12	3	1	21
13	2	1	21
14	3	2	22
15	2	1	21
16	1	1	21
17	12	1	21
18	11	1	21
19	10	1	21
20	9	1	21
21	10	2	22
22	9	1	21
23	8	1	21
24	7	1	21
25	6	1	21
26	5	1	21
27	4	1	21
28	3	1	21
29	2	1	21
30	1	1	21
31	12	1	21
32	11	1	21
33	10	1	21
34	9	1	21
35	8	1	21
36	7	1	21
37	6	1	21
38	5	1	21
39	4	1	21
40	3	1	21
41	2	1	21
42	1	1	21
43	12	1	21
44	11	1	21
45	10	1	21
46	9	1	21
47	8	1	21
48	7	1	21
49	6	1	21
50	5	1	21
51	4	1	21
52	3	1	21
53	2	1	21
54	1	1	21
55	12	1	21
56	11	1	21
57	10	1	21
58	9	1	21
59	8	1	21
60	7	1	21
61	6	1	21
62	5	1	21
63	4	1	21
64	3	1	21
65	4	2	22
66	3	1	21
67	2	1	21
68	1	1	21
69	12	1	21
70	1	2	22
71	12	1	21
72	11	1	21
73	10	1	21
74	9	1	21
75	10	2	22
76	9	1	21
77	8	1	21
78	7	1	21
79	8	2	22
80	7	1	21
81	6	1	21
82	5	1	21
83	4	1	21
84	5	2	22
85	4	1	21
86	3	1	21
87	2	1	21
88	3	2	22
89	2	1	21
90	1	1	21
91	12	1	21
92	1	2	22
93	12	1	21
94	11	1	21
95	10	1	21
96	9	1	21
97	10	2	22
98	9	1	21
99	8	1	21
100	7	1	21
101	6	1	21
102	5	1	21
103	4	1	21
104	5	2	22
105	4	1	21
106	3	1	21
107	2	1	21
108	1	1	21
109	12	1	21
110	11	1	21
111	10	1	21
112	9	1	21
113	8	1	21
114	7	1	21
115	6	1	21
116	5	1	21
117	4	1	21
118	3	1	21
119	2	1	21
120	1	1	21
121	12	1	21
122	11	1	21
123	10	1	21
124	11	2	22
125	10	1	21
126	9	1	21
127	8	1	21
128	7	1	21
129	6	1	21
130	5	1	21
131	4	1	21
132	3	1	21
133	2	1	21
134	1	1	21
135	12	1	21
136	11	1	21
137	12	2	22
138	11	1	21
139	10	1	21
140	9	1	21
141	8	1	21
142	7	1	21
143	6	1	21
144	5	1	21
145	4	1	21
146	3	1	21
147	2	1	21
148	1	1	21
149	12	1	21
150	1	2	22
151	12	1	21
152	11	1	21
153	10	1	21
154	9	1	21
155	8	1	21
156	7	1	21
157	6	1	21
158	5	1	21
159	4	1	21
160	3	1	21
161	2	1	21
162	1	1	21
163	2	2	22
164	1	1	21
165	12	1	21
166	11	1	21
167	10	1	21
168	9	1	21
169	8	1	21
170	7	1	21
171	6	1	21
172	7	2	22
173	6	1	21
174	5	1	21
175	4	1	21
176	3	1	21
177	2	1	21
178	3	2	22
179	2	1	21
180	1	1	21
181	12	1	21
182	11	1	21
183	10	1	21
184	9	1	21
185	8	1	21
186	7	1	21
187	6	1	21
188	5	1	21
189	4	1	21
190	3	1	21
191	4	2	22
192	3	1	21
193	2	1	21
194	1	1	21
195	12	1	21
196	11	1	21
197	10	1	21
198	9	1	21
199	8	1	21
200	7	1	21
201	6	1	21
202	5	1	21
203	4	1	21
204	3	1	21
205	2	1	21
206	1	1	21
207	12	1	21
208	11	1	21
209	10	1	21
210	9	1	21
211	8	1	21
212	7	1	21
213	6	1	21
214	5	1	21
215	4	1	21
216	3	1	21
217	2	1	21
218	1	1	21
219	12	1	21
220	11	1	21
221	12	2	22
222	11	1	21
223	10	1	21
224	9	1	21
225	8	1	21
226	7	1	21
227	6	1	21
228	7	2	22
229	6	1	21
230	5	1	21
231	4	1	21
232	3	1	21
233	2	1	21
234	1	1	21
235	12	1	21
236	11	1	21
237	12	2	22
238	11	1	21
239	10	1	21
240	9	1	21
241	8	1	21
242	7	1	21
243	8	2	22
244	7	1	21
245	6	1	21
246	5	1	21
247	4	1	21
248	3	1	21
249	2	1	21
250	1	1	21
251	12	1	21
252	11	1	21
253	10	1	21
254	9	1	21
255	10	2	22
256	9	1	21
257	8	1	21
258	7	1	21
259	6	1	21
260	5	1	21
261	6	2	22
262	5	1	21
263	4	1	21
264	3	1	21
265	2	1	21
266	1	1	21
267	12	1	21
268	11	1	21
269	10	1	21
270	9	1	21
271	8	1	21
272	7	1	21
273	6	1	21
274	5	1	21
275	4	1	21
276	3	1	21
277	2	1	21
278	1	1	21
279	12	1	21
280	11	1	21
281	10	1	21
282	9	1	21
283	8	1	21
284	7	1	21
285	6	1	21
286	7	2	22
287	6	1	21
288	5	1	21
289	4	1	21
290	3	1	21
291	2	1	21
292	1	1	21
293	12	1	21
294	11	1	21
295	10	1	21
296	9	1	21
297	10	2	22
298	9	1	21
299	8	1	21
300	7	1	21
301	6	1	21
302	5	1	21
303	4	1	21
304	5	2	22
305	4	1	21
306	3	1	21
307	2	1	21
308	1	1	21
309	2	2	22
310	1	1	21
311	12	1	21
312	11	1	21
313	10	1	21
314	9	1	21
315	8	1	21
316	7	1	21
317	6	1	21
318	5	1	21
319	4	1	21
320	5	2	22
321	4	1	21
322	3	1	21
323	2	1	21
324	1	1	21
325	12	1	21
326	11	1	21
327	12	2	22
328	11	1	21
329	10	1	21
330	9	1	21
331	8	1	21
332	7	1	21
333	6	1	21
334	5	1	21
335	4	1	21
336	3	1	21
337	4	2	22
338	3	1	21
339	2	1	21
340	1	1	21
341	12	1	21
342	11	1	21
343	10	1	21
344	9	1	21
345	8	1	21
346	9	2	22
347	8	1	21
348	7	1	21
349	6	1	21
350	7	2	22
351	6	1	21
352	5	1	21
353	4	1	21
354	5	2	22
355	4	1	21
356	3	1	21
357	2	1	21
358	1	1	21
359	12	1	21
360	11	1	21
361	10	1	21
362	9	1	21
363	8	1	21
364	7	1	21
365	6	1	21
366	5	1	21
367	4	1	21
368	3	1	21
369	2	1	21
370	3	2	22
371	2	1	21
372	1	1	21
373	12	1	21
374	11	1	21
375	10	1	21
376	9	1	21
377	10	2	22
378	9	1	21
379	8	1	21
380	7	1	21
381	6	1	21
382	5	1	21
383	4	1	21
384	3	1	21
385	2	1	21
386	3	2	22
387	2	1	21
388	1	1	21
389	12	1	21
390	1	2	22
391	12	1	21
392	11	1	21
393	10	1	21
394	9	1	21
395	8	1	21
396	9	2	22
397	8	1	21
398	7	1	21
399	6	1	21
400	5	1	21
401	4	1	21
402	3	1	21
403	2	1	21
404	1	1	21
405	12	1	21
406	11	1	21
407	10	1	21
408	11	2	22
409	10	1	21
410	9	1	21
411	8	1	21
412	7	1	21
413	6	1	21
414	5	1	21
415	4	1	21
416	3	1	21
417	2	1	21
418	1	1	21
419	12	1	21
420	11	1	21
421	12	2	22
422	11	1	21
423	10	1	21
424	9	1	21
425	8	1	21
426	9	2	22
427	8	1	21
428	7	1	21
429	6	1	21
430	7	2	22
431	6	1	21
432	5	1	21
433	4	1	21
434	3	1	21
435	2	1	21
436	1	1	21
437	12	1	21
438	11	1	21
439	10	1	21
440	9	1	21
441	8	1	21
442	7	1	21
443	6	1	21
444	5	1	21
445	4	1	21
446	3	1	21
447	2	1	21
448	3	2	22
449	2	1	21
450	1	1	21
451	12	1	21
452	1	2	22
453	12	1	21
454	11	1	21
455	10	1	21
456	9	1	21
457	8	1	21
458	7	1	21
459	8	2	22
460	7	1	21
461	6	1	21
462	5	1	21
463	4	1	21
464	3	1	21
465	2	1	21
466	1	1	21
467	12	1	21
468	11	1	21
469	10	1	21
470	9	1	21
471	8	1	21
472	7	1	21
473	6	1	21
474	5	1	21
475	4	1	21
476	3	1	21
477	2	1	21
478	1	1	21
479	2	2	22
480	1	1	21
481	12	1	21
482	11	1	21
483	10	1	21
484	9	1	21
485	8	1	21
486	7	1	21
487	6	1	21
488	5	1	21
489	6	2	22
490	5	1	21
491	4	1	21
492	3	1	21
493	2	1	21
494	1	1	21
495	12	1	21
496	11	1	21
497	10	1	21
498	9	1	21
499	8	1	21
500	7	1	21
501	6	1	21
502	5	1	21
503	4	1	21
504	3	1	21
505	4	2	22
506	3	1	21
507	2	1	21
508	1	1	21
509	12	1	21
510	11	1	21
511	10	1	21
512	9	1	21
513	8	1	21
514	7	1	21
515	8	2	22
516	7	1	21
517	6	1	21
518	5	1	21
519	4	1	21
520	5	2	22
521	4	1	21
522	3	1	21
523	2	1	21
524	1	1	21
525	12	1	21
526	11	1	21
527	10	1	21
528	11	2	22
529	10	1	21
530	9	1	21
531	8	1	21
532	9	2	22
533	8	1	21
534	7	1	21
535	6	1	21
536	5	1	21
537	4	1	21
538	3	1	21
539	2	1	21
540	1	1	21
541	12	1	21
542	11	1	21
543	10	1	21
544	11	2	22
545	10	1	21
546	9	1	21
547	8	1	21
548	7	1	21
549	6	1	21
550	7	2	22
551	6	1	21
552	5	1	21
553	4	1	21
554	3	1	21
555	2	1	21
556	1	1	21
557	12	1	21
558	11	1	21
559	10	1	21
560	9	1	21
561	8	1	21
562	7	1	21
563	6	1	21
564	5	1	21
565	6	2	22
566	5	1	21
567	4	1	21
568	3	1	21
569	2	1	21
570	1	1	21
571	2	2	22
572	1	1	21
573	12	1	21
574	11	1	21
575	10	1	21
576	9	1	21
577	8	1	21
578	7	1	21
579	6	1	21
580	5	1	21
581	4	1	21
582	3	1	21
583	2	1	21
584	1	1	21
585	12	1	21
586	11	1	21
587	10	1	21
588	11	2	22
589	10	1	21
590	9	1	21
591	8	1	21
592	7	1	21
593	6	1	21
594	5	1	21
595	4	1	21
596	3	1	21
597	2	1	21
598	1	1	21
599	12	1	21
600	11	1	21
601	10	1	21
602	11	2	22
603	10	1	21
604	9	1	21
605	8	1	21
606	7	1	21
607	8	2	22
608	7	1	21
609	6	1	21
610	5	1	21
611	4	1	21
612	3	1	21
613	2	1	21
614	1	1	21
615	12	1	21
616	11	1	21
617	12	2	22
618	11	1	21
619	10	1	21
620	9	1	21
621	8	1	21
622	7	1	21
623	6	1	21
624	5	1	21
625	4	1	21
626	3	1	21
627	2	1	21
628	1	1	21
629	2	2	22
630	1	1	21
631	12	1	21
632	11	1	21
633	12	2	22
634	11	1	21
635	10	1	21
636	9	1	21
637	8	1	21
638	7	1	21
639	6	1	21
640	5	1	21
641	4	1	21
642	3	1	21
643	4	2	22
644	3	1	21
645	2	1	21
646	1	1	21
647	12	1	21
648	11	1	21
649	10	1	21
650	9	1	21
651	8	1	21
652	7	1	21
653	6	1	21
654	5	1	21
655	4	1	21
656	3	1	21
657	2	1	21
658	1	1	21
659	2	2	22
660	1	1	21
661	12	1	21
662	11	1	21
663	10	1	21
664	9	1	21
665	8	1	21
666	7	1	21
667	6	1	21
668	5	1	21
669	4	1	21
670	3	1	21
671	2	1	21
672	1	1	21
673	12	1	21
674	11	1	21
675	10	1	21
676	9	1	21
677	8	1	21
678	7	1	21
679	8	2	22
680	7	1	21
681	6	1	21
682	5	1	21
683	4	1	21
684	3	1	21
685	4	2	22
686	3	1	21
687	2	1	21
688	1	1	21
689	12	1	21
690	11	1	21
691	10	1	21
692	9	1	21
693	8	1	21
694	7	1	21
695	6	1	21
696	5	1	21
697	4	1	21
698	3	1	21
699	2	1	21
700	1	1	21
701	12	1	21
702	11	1	21
703	10	1	21
704	9	1	21
705	8	1	21
706	9	2	22
707	8	1	21
708	7	1	21
709	6	1	21
710	5	1	21
711	4	1	21
712	3	1	21
713	2	1	21
714	1	1	21
715	12	1	21
716	11	1	21
717	10	1	21
718	9	1	21
719	8	1	21
720	9	2	22
721	8	1	21
722	7	1	21
723	6	1	21
724	5	1	21
725	6	2	22
726	5	1	21
727	4	1	21
728	3	1	21
729	2	1	21
730	1	1	21
731	12	1	21
732	11	1	21
733	10	1	21
734	9	1	21
735	8	1	21
736	7	1	21
737	6	1	21
738	5	1	21
739	4	1	21
740	3	1	21
741	4	2	22
742	3	1	21
743	2	1	21
744	1	1	21
745	12	1	21
746	11	1	21
747	10	1	21
748	9	1	21
749	8	1	21
750	7	1	21
751	6	1	21
752	5	1	21
753	4	1	21
754	3	1	21
755	2	1	21
756	1	1	21
757	12	1	21
758	1	2	22
759	12	1	21
760	11	1	21
761	10	1	21
762	9	1	21
763	8	1	21
764	7	1	21
765	6	1	21
766	5	1	21
767	4	1	21
768	3	1	21
769	2	1	21
770	1	1	21
771	12	1	21
772	11	1	21
773	10	1	21
774	9	1	21
775	8	1	21
776	7	1	21
777	6	1	21
778	5	1	21
779	4	1	21
780	3	1	21
781	2	1	21
782	1	1	21
783	12	1	21
784	11	1	21
785	10	1	21
786	9	1	21
787	8	1	21
788	7	1	21
789	6	1	21
790	5	1	21
791	4	1	21
792	3	1	21
793	2	1	21
794	1	1	21
795	12	1	21
796	11	1	21
797	10	1	21
798	9	1	21
799	8	1	21
800	7	1	21
801	6	1	21
802	5	1	21
803	6	2	22
804	5	1	21
805	4	1	21
806	3	1	21
807	2	1	21
808	1	1	21
809	12	1	21
810	11	1	21
811	10	1	21
812	9	1	21
813	8	1	21
814	7	1	21
815	6	1	21
816	5	1	21
817	4	1	21
818	5	2	22
819	4	1	21
820	3	1	21
