1	12	1	41
2	11	1	41
3	10	1	41
4	9	1	41
5	8	1	41
6	7	1	41
7	6	1	41
8	5	1	41
9	4	1	41
10	5	2	42
11	4	1	41
12	3	1	41
13	2	1	41
14	1	1	41
15	12	1	41
16	11	1	41
17	10	1	41
18	9	1	41
19	8	1	41
20	7	1	41
21	6	1	41
22	5	1	41
23	4	1	41
24	3	1	41
25	2	1	41
26	1	1	41
27	12	1	41
28	11	1	41
29	10	1	41
30	9	1	41
31	8	1	41
32	9	2	42
33	8	1	41
34	7	1	41
35	6	1	41
36	5	1	41
37	4	1	41
38	3	1	41
39	2	1	41
40	1	1	41
41	12	1	41
42	11	1	41
43	10	1	41
44	9	1	41
45	8	1	41
46	9	2	42
47	8	1	41
48	7	1	41
49	6	1	41
50	5	1	41
51	6	2	42
52	5	1	41
53	4	1	41
54	3	1	41
55	2	1	41
56	1	1	41
57	12	1	41
58	11	1	41
59	10	1	41
60	9	1	41
61	8	1	41
62	7	1	41
63	6	1	41
64	5	1	41
65	4	1	41
66	3	1	41
67	2	1	41
68	1	1	41
69	12	1	41
70	11	1	41
71	10	1	41
72	9	1	41
73	8	1	41
74	7	1	41
75	6	1	41
76	5	1	41
77	4	1	41
78	3	1	41
79	2	1	41
80	1	1	41
81	12	1	41
82	11	1	41
83	10	1	41
84	9	1	41
85	10	2	42
86	9	1	41
87	8	1	41
88	7	1	41
89	6	1	41
90	5	1	41
91	4	1	41
92	5	2	42
93	4	1	41
94	3	1	41
95	2	1	41
96	1	1	41
97	2	2	42
98	1	1	41
99	12	1	41
100	11	1	41
101	10	1	41
102	9	1	41
103	10	2	42
104	9	1	41
105	8	1	41
106	7	1	41
107	6	1	41
108	5	1	41
109	4	1	41
110	3	1	41
111	4	2	42
112	3	1	41
113	2	1	41
114	1	1	41
115	12	1	41
116	11	1	41
117	10	1	41
118	11	2	42
119	10	1	41
120	9	1	41
121	8	1	41
122	7	1	41
123	6	1	41
124	5	1	41
125	4	1	41
126	3	1	41
127	4	2	42
128	3	1	41
129	2	1	41
130	1	1	41
131	2	2	42
132	1	1	41
133	12	1	41
134	11	1	41
135	10	1	41
136	9	1	41
137	8	1	41
138	7	1	41
139	6	1	41
140	5	1	41
141	4	1	41
142	3	1	41
143	2	1	41
144	3	2	42
145	2	1	41
146	1	1	41
147	12	1	41
148	11	1	41
149	10	1	41
150	9	1	41
151	8	1	41
152	7	1	41
153	6	1	41
154	5	1	41
155	6	2	42
156	5	1	41
157	4	1	41
158	3	1	41
159	2	1	41
160	1	1	41
161	12	1	41
162	11	1	41
163	10	1	41
164	9	1	41
165	8	1	41
166	7	1	41
167	6	1	41
168	7	2	42
169	6	1	41
170	5	1	41
171	4	1	41
172	3	1	41
173	2	1	41
174	1	1	41
175	12	1	41
176	11	1	41
177	10	1	41
178	9	1	41
179	8	1	41
180	9	2	42
181	8	1	41
182	7	1	41
183	6	1	41
184	7	2	42
185	6	1	41
186	5	1	41
187	4	1	41
188	5	2	42
189	4	1	41
190	3	1	41
191	2	1	41
192	1	1	41
193	12	1	41
194	11	1	41
195	10	1	41
196	9	1	41
197	8	1	41
198	7	1	41
199	6	1	41
200	5	1	41
201	4	1	41
202	3	1	41
203	2	1	41
204	1	1	41
205	12	1	41
206	11	1	41
207	12	2	42
208	11	1	41
209	10	1	41
210	9	1	41
211	8	1	41
212	7	1	41
213	6	1	41
214	7	2	42
215	6	1	41
216	5	1	41
217	4	1	41
218	5	2	42
219	4	1	41
220	3	1	41
221	2	1	41
222	1	1	41
223	2	2	42
224	1	1	41
225	12	1	41
226	11	1	41
227	10	1	41
228	9	1	41
229	8	1	41
230	7	1	41
231	8	2	42
232	7	1	41
233	6	1	41
234	5	1	41
235	4	1	41
236	3	1	41
237	2	1	41
238	3	2	42
239	2	1	41
240	1	1	41
241	12	1	41
242	11	1	41
243	10	1	41
244	11	2	42
245	10	1	41
246	9	1	41
247	8	1	41
248	9	2	42
249	8	1	41
250	7	1	41
251	6	1	41
252	5	1	41
253	4	1	41
254	3	1	41
255	2	1	41
256	1	1	41
257	12	1	41
258	11	1	41
259	12	2	42
260	11	1	41
261	10	1	41
262	9	1	41
263	8	1	41
264	7	1	41
265	6	1	41
266	5	1	41
267	4	1	41
268	3	1	41
269	2	1	41
270	1	1	41
271	12	1	41
272	11	1	41
273	10	1	41
274	9	1	41
275	8	1	41
276	7	1	41
277	6	1	41
278	5	1	41
279	4	1	41
280	3	1	41
281	2	1	41
282	1	1	41
283	12	1	41
284	11	1	41
285	10	1	41
286	9	1	41
287	8	1	41
288	7	1	41
289	6	1	41
290	5	1	41
291	4	1	41
292	5	2	42
293	4	1	41
294	3	1	41
295	2	1	41
296	1	1	41
297	12	1	41
298	11	1	41
299	10	1	41
300	9	1	41
301	8	1	41
302	7	1	41
303	6	1	41
304	5	1	41
305	4	1	41
306	3	1	41
307	2	1	41
308	1	1	41
309	12	1	41
310	11	1	41
311	10	1	41
312	9	1	41
313	8	1	41
314	7	1	41
315	6	1	41
316	7	2	42
317	6	1	41
318	5	1	41
319	4	1	41
320	3	1	41
321	2	1	41
322	1	1	41
323	12	1	41
324	11	1	41
325	10	1	41
326	9	1	41
327	8	1	41
328	7	1	41
329	8	2	42
330	7	1	41
331	6	1	41
332	5	1	41
333	4	1	41
334	3	1	41
335	2	1	41
336	1	1	41
337	12	1	41
338	11	1	41
339	10	1	41
340	9	1	41
341	10	2	42
342	9	1	41
343	8	1	41
344	7	1	41
345	6	1	41
346	5	1	41
347	4	1	41
348	3	1	41
349	2	1	41
350	1	1	41
351	12	1	41
352	11	1	41
353	12	2	42
354	11	1	41
355	10	1	41
356	9	1	41
357	8	1	41
358	7	1	41
359	6	1	41
360	5	1	41
361	4	1	41
362	5	2	42
363	4	1	41
364	3	1	41
365	2	1	41
366	1	1	41
367	12	1	41
368	11	1	41
369	10	1	41
370	11	2	42
371	10	1	41
372	9	1	41
373	8	1	41
374	7	1	41
375	8	2	42
376	7	1	41
377	6	1	41
378	5	1	41
379	4	1	41
380	3	1	41
381	2	1	41
382	3	2	42
383	2	1	41
384	1	1	41
385	12	1	41
386	11	1	41
387	10	1	41
388	9	1	41
389	8	1	41
390	7	1	41
391	6	1	41
392	5	1	41
393	4	1	41
394	3	1	41
395	2	1	41
396	1	1	41
397	2	2	42
398	1	1	41
399	12	1	41
400	11	1	41
401	10	1	41
402	9	1	41
403	10	2	42
404	9	1	41
405	8	1	41
406	7	1	41
407	6	1	41
408	5	1	41
409	4	1	41
410	5	2	42
411	4	1	41
412	3	1	41
413	2	1	41
414	1	1	41
415	12	1	41
416	11	1	41
417	10	1	41
418	9	1	41
419	8	1	41
420	9	2	42
421	8	1	41
422	7	1	41
423	6	1	41
424	5	1	41
425	4	1	41
426	3	1	41
427	2	1	41
428	1	1	41
429	12	1	41
430	11	1	41
431	12	2	42
432	11	1	41
433	10	1	41
434	9	1	41
435	8	1	41
436	9	2	42
437	8	1	41
438	7	1	41
439	6	1	41
440	5	1	41
441	4	1	41
442	3	1	41
443	2	1	41
444	1	1	41
445	12	1	41
446	11	1	41
447	10	1	41
448	9	1	41
449	8	1	41
450	7	1	41
451	6	1	41
452	7	2	42
453	6	1	41
454	5	1	41
455	4	1	41
456	3	1	41
457	2	1	41
458	1	1	41
459	2	2	42
460	1	1	41
461	12	1	41
462	11	1	41
463	10	1	41
464	11	2	42
465	10	1	41
466	9	1	41
467	8	1	41
468	9	2	42
469	8	1	41
470	7	1	41
471	6	1	41
472	5	1	41
473	6	2	42
474	5	1	41
475	4	1	41
476	3	1	41
477	2	1	41
478	1	1	41
479	12	1	41
480	11	1	41
481	10	1	41
482	9	1	41
483	10	2	42
484	9	1	41
485	8	1	41
486	7	1	41
487	6	1	41
488	5	1	41
489	4	1	41
490	3	1	41
491	2	1	41
492	1	1	41
493	12	1	41
494	11	1	41
495	10	1	41
496	9	1	41
497	8	1	41
498	7	1	41
499	6	1	41
500	7	2	42
501	6	1	41
502	5	1	41
503	4	1	41
504	3	1	41
505	2	1	41
506	3	2	42
507	2	1	41
508	1	1	41
509	12	1	41
510	11	1	41
511	10	1	41
512	9	1	41
513	8	1	41
514	7	1	41
515	6	1	41
516	5	1	41
517	4	1	41
518	3	1	41
519	2	1	41
520	1	1	41
521	12	1	41
522	11	1	41
523	10	1	41
524	9	1	41
525	8	1	41
526	7	1	41
527	6	1	41
528	5	1	41
529	4	1	41
530	3	1	41
531	2	1	41
532	1	1	41
533	12	1	41
534	11	1	41
535	10	1	41
536	11	2	42
537	10	1	41
538	9	1	41
539	8	1	41
540	7	1	41
541	6	1	41
542	5	1	41
543	6	2	42
544	5	1	41
545	4	1	41
546	3	1	41
547	2	1	41
548	1	1	41
549	12	1	41
550	11	1	41
551	12	2	42
552	11	1	41
553	10	1	41
554	9	1	41
555	8	1	41
556	7	1	41
557	6	1	41
558	5	1	41
559	6	2	42
560	5	1	41
561	4	1	41
562	3	1	41
563	2	1	41
564	1	1	41
565	2	2	42
566	1	1	41
567	12	1	41
568	11	1	41
569	10	1	41
570	9	1	41
571	8	1	41
572	7	1	41
573	6	1	41
574	5	1	41
575	4	1	41
576	3	1	41
577	2	1	41
578	1	1	41
579	12	1	41
580	11	1	41
581	10	1	41
582	11	2	42
583	10	1	41
584	9	1	41
585	8	1	41
586	7	1	41
587	8	2	42
588	7	1	41
589	6	1	41
590	5	1	41
591	4	1	41
592	3	1	41
593	2	1	41
594	1	1	41
595	12	1	41
596	11	1	41
597	10	1	41
598	9	1	41
599	10	2	42
600	9	1	41
601	8	1	41
602	7	1	41
603	6	1	41
604	5	1	41
605	4	1	41
606	3	1	41
607	2	1	41
608	1	1	41
609	12	1	41
610	11	1	41
611	10	1	41
612	9	1	41
613	8	1	41
614	7	1	41
615	6	1	41
616	5	1	41
617	4	1	41
618	3	1	41
619	2	1	41
620	3	2	42
621	2	1	41
622	1	1	41
623	12	1	41
624	11	1	41
625	10	1	41
626	9	1	41
627	8	1	41
628	7	1	41
629	6	1	41
630	5	1	41
631	4	1	41
632	3	1	41
633	2	1	41
634	1	1	41
635	12	1	41
636	11	1	41
637	10	1	41
638	9	1	41
639	8	1	41
640	7	1	41
641	8	2	42
642	7	1	41
643	6	1	41
644	5	1	41
645	4	1	41
646	3	1	41
647	2	1	41
648	1	1	41
649	12	1	41
650	11	1	41
651	10	1	41
652	11	2	42
653	10	1	41
654	9	1	41
655	8	1	41
656	7	1	41
657	6	1	41
658	5	1	41
659	4	1	41
660	3	1	41
661	4	2	42
662	3	1	41
663	2	1	41
664	1	1	41
665	12	1	41
666	11	1	41
667	12	2	42
668	11	1	41
669	10	1	41
670	9	1	41
671	8	1	41
672	7	1	41
673	6	1	41
674	5	1	41
675	4	1	41
676	3	1	41
677	2	1	41
678	1	1	41
679	12	1	41
680	11	1	41
681	10	1	41
682	9	1	41
683	8	1	41
684	7	1	41
685	8	2	42
686	7	1	41
687	6	1	41
688	5	1	41
689	4	1	41
690	3	1	41
691	4	2	42
692	3	1	41
693	2	1	41
694	1	1	41
695	12	1	41
696	11	1	41
697	10	1	41
698	9	1	41
699	8	1	41
700	7	1	41
701	6	1	41
702	5	1	41
703	4	1	41
704	3	1	41
705	2	1	41
706	1	1	41
707	12	1	41
708	11	1	41
709	10	1	41
710	9	1	41
711	8	1	41
712	7	1	41
713	6	1	41
714	5	1	41
715	4	1	41
716	3	1	41
717	2	1	41
718	1	1	41
719	12	1	41
720	11	1	41
721	10	1	41
722	9	1	41
723	8	1	41
724	7	1	41
725	6	1	41
726	5	1	41
727	6	2	42
728	5	1	41
729	4	1	41
730	3	1	41
731	4	2	42
732	3	1	41
733	2	1	41
734	1	1	41
735	12	1	41
736	11	1	41
737	10	1	41
738	9	1	41
739	8	1	41
740	7	1	41
741	6	1	41
742	7	2	42
743	6	1	41
744	5	1	41
745	4	1	41
746	3	1	41
747	2	1	41
748	1	1	41
749	2	2	42
750	1	1	41
751	12	1	41
752	11	1	41
753	10	1	41
754	9	1	41
755	8	1	41
756	7	1	41
757	6	1	41
758	5	1	41
759	4	1	41
760	3	1	41
761	4	2	42
762	3	1	41
763	2	1	41
764	1	1	41
765	12	1	41
766	11	1	41
767	10	1	41
768	9	1	41
769	10	2	42
770	9	1	41
771	8	1	41
772	7	1	41
773	6	1	41
774	5	1	41
775	4	1	41
776	3	1	41
777	2	1	41
778	1	1	41
779	12	1	41
780	11	1	41
781	10	1	41
782	9	1	41
783	8	1	41
784	7	1	41
785	6	1	41
786	5	1	41
787	6	2	42
788	5	1	41
789	4	1	41
790	3	1	41
791	2	1	41
792	3	2	42
793	2	1	41
794	1	1	41
795	12	1	41
796	11	1	41
797	10	1	41
798	9	1	41
799	8	1	41
800	7	1	41
801	8	2	42
802	7	1	41
803	6	1	41
804	5	1	41
805	4	1	41
806	3	1	41
807	2	1	41
808	3	2	42
809	2	1	41
810	1	1	41
811	12	1	41
812	11	1	41
813	10	1	41
814	9	1	41
815	8	1	41
816	7	1	41
817	6	1	41
818	5	1	41
819	4	1	41
820	3	1	41
