1	12	1	21
2	11	1	21
3	10	1	21
4	9	1	21
5	8	1	21
6	7	1	21
7	6	1	21
8	5	1	21
9	4	1	21
10	3	1	21
11	4	2	22
12	3	1	21
13	2	1	21
14	1	1	21
15	12	1	21
16	11	1	21
17	10	1	21
18	9	1	21
19	8	1	21
20	7	1	21
21	6	1	21
22	5	1	21
23	4	1	21
24	3	1	21
25	4	2	22
26	3	1	21
27	2	1	21
28	1	1	21
29	12	1	21
30	11	1	21
31	10	1	21
32	9	1	21
33	8	1	21
34	7	1	21
35	6	1	21
36	5	1	21
37	4	1	21
38	3	1	21
39	2	1	21
40	1	1	21
41	12	1	21
42	11	1	21
43	10	1	21
44	9	1	21
45	8	1	21
46	7	1	21
47	6	1	21
48	5	1	21
49	4	1	21
50	5	2	22
51	4	1	21
52	3	1	21
53	2	1	21
54	1	1	21
55	12	1	21
56	11	1	21
57	10	1	21
58	9	1	21
59	8	1	21
60	7	1	21
61	6	1	21
62	5	1	21
63	6	2	22
64	5	1	21
65	4	1	21
66	3	1	21
67	2	1	21
68	1	1	21
69	12	1	21
70	1	2	22
71	12	1	21
72	11	1	21
73	10	1	21
74	9	1	21
75	8	1	21
76	7	1	21
77	6	1	21
78	5	1	21
79	4	1	21
80	5	2	22
81	4	1	21
82	3	1	21
83	2	1	21
84	3	2	22
85	2	1	21
86	1	1	21
87	12	1	21
88	11	1	21
89	10	1	21
90	11	2	22
91	10	1	21
92	9	1	21
93	8	1	21
94	7	1	21
95	6	1	21
96	7	2	22
97	6	1	21
98	5	1	21
99	4	1	21
100	3	1	21
101	2	1	21
102	1	1	21
103	12	1	21
104	1	2	22
105	12	1	21
106	11	1	21
107	10	1	21
108	9	1	21
109	8	1	21
110	7	1	21
111	6	1	21
112	5	1	21
113	4	1	21
114	3	1	21
115	2	1	21
116	1	1	21
117	12	1	21
118	11	1	21
119	10	1	21
120	9	1	21
121	8	1	21
122	7	1	21
123	8	2	22
124	7	1	21
125	6	1	21
126	5	1	21
127	4	1	21
128	3	1	21
129	2	1	21
130	1	1	21
131	12	1	21
132	11	1	21
133	10	1	21
134	9	1	21
135	8	1	21
136	7	1	21
137	6	1	21
138	7	2	22
139	6	1	21
140	5	1	21
141	4	1	21
142	3	1	21
143	2	1	21
144	1	1	21
145	2	2	22
146	1	1	21
147	12	1	21
148	11	1	21
149	10	1	21
150	9	1	21
151	8	1	21
152	7	1	21
153	6	1	21
154	5	1	21
155	4	1	21
156	3	1	21
157	2	1	21
158	1	1	21
159	12	1	21
160	11	1	21
161	10	1	21
162	9	1	21
163	8	1	21
164	7	1	21
165	6	1	21
166	5	1	21
167	4	1	21
168	3	1	21
169	2	1	21
170	1	1	21
171	2	2	22
172	1	1	21
173	12	1	21
174	11	1	21
175	10	1	21
176	9	1	21
177	10	2	22
178	9	1	21
179	8	1	21
180	7	1	21
181	8	2	22
182	7	1	21
183	6	1	21
184	5	1	21
185	4	1	21
186	3	1	21
187	2	1	21
188	3	2	22
189	2	1	21
190	1	1	21
191	12	1	21
192	1	2	22
193	12	1	21
194	11	1	21
195	10	1	21
196	9	1	21
197	8	1	21
198	7	1	21
199	6	1	21
200	5	1	21
201	6	2	22
202	5	1	21
203	4	1	21
204	3	1	21
205	2	1	21
206	1	1	21
207	12	1	21
208	11	1	21
209	10	1	21
210	11	2	22
211	10	1	21
212	9	1	21
213	8	1	21
214	7	1	21
215	6	1	21
216	5	1	21
217	4	1	21
218	3	1	21
219	2	1	21
220	1	1	21
221	12	1	21
222	11	1	21
223	10	1	21
224	9	1	21
225	8	1	21
226	7	1	21
227	6	1	21
228	5	1	21
229	4	1	21
230	5	2	22
231	4	1	21
232	3	1	21
233	2	1	21
234	1	1	21
235	12	1	21
236	11	1	21
237	10	1	21
238	11	2	22
239	10	1	21
240	9	1	21
241	8	1	21
242	9	2	22
243	8	1	21
244	7	1	21
245	6	1	21
246	5	1	21
247	4	1	21
248	3	1	21
249	2	1	21
250	1	1	21
251	12	1	21
252	11	1	21
253	10	1	21
254	9	1	21
255	10	2	22
256	9	1	21
257	8	1	21
258	7	1	21
259	6	1	21
260	5	1	21
261	6	2	22
262	5	1	21
263	4	1	21
264	3	1	21
265	2	1	21
266	1	1	21
267	12	1	21
268	11	1	21
269	10	1	21
270	9	1	21
271	8	1	21
272	7	1	21
273	6	1	21
274	5	1	21
275	4	1	21
276	3	1	21
277	2	1	21
278	1	1	21
279	12	1	21
280	1	2	22
281	12	1	21
282	11	1	21
283	10	1	21
284	9	1	21
285	8	1	21
286	7	1	21
287	6	1	21
288	5	1	21
289	4	1	21
290	3	1	21
291	4	2	22
292	3	1	21
293	2	1	21
294	1	1	21
295	12	1	21
296	1	2	22
297	12	1	21
298	11	1	21
299	10	1	21
300	9	1	21
301	8	1	21
302	7	1	21
303	6	1	21
304	5	1	21
305	4	1	21
306	3	1	21
307	2	1	21
308	1	1	21
309	12	1	21
310	11	1	21
311	10	1	21
312	9	1	21
313	8	1	21
314	7	1	21
315	6	1	21
316	5	1	21
317	4	1	21
318	3	1	21
319	4	2	22
320	3	1	21
321	2	1	21
322	1	1	21
323	12	1	21
324	11	1	21
325	12	2	22
326	11	1	21
327	10	1	21
328	9	1	21
329	8	1	21
330	7	1	21
331	6	1	21
332	5	1	21
333	4	1	21
334	3	1	21
335	2	1	21
336	1	1	21
337	12	1	21
338	1	2	22
339	12	1	21
340	11	1	21
341	10	1	21
342	9	1	21
343	8	1	21
344	7	1	21
345	6	1	21
346	5	1	21
347	4	1	21
348	3	1	21
349	2	1	21
350	1	1	21
351	2	2	22
352	1	1	21
353	12	1	21
354	11	1	21
355	10	1	21
356	9	1	21
357	8	1	21
358	7	1	21
359	6	1	21
360	7	2	22
361	6	1	21
362	5	1	21
363	4	1	21
364	3	1	21
365	2	1	21
366	3	2	22
367	2	1	21
368	1	1	21
369	12	1	21
370	11	1	21
371	10	1	21
372	11	2	22
373	10	1	21
374	9	1	21
375	8	1	21
376	9	2	22
377	8	1	21
378	7	1	21
379	6	1	21
380	5	1	21
381	4	1	21
382	3	1	21
383	2	1	21
384	1	1	21
385	12	1	21
386	11	1	21
387	10	1	21
388	11	2	22
389	10	1	21
390	9	1	21
391	8	1	21
392	7	1	21
393	6	1	21
394	5	1	21
395	6	2	22
396	5	1	21
397	4	1	21
398	3	1	21
399	2	1	21
400	3	2	22
401	2	1	21
402	1	1	21
403	12	1	21
404	11	1	21
405	10	1	21
406	9	1	21
407	8	1	21
408	7	1	21
409	6	1	21
410	5	1	21
411	4	1	21
412	3	1	21
413	4	2	22
414	3	1	21
415	2	1	21
416	1	1	21
417	12	1	21
418	11	1	21
419	10	1	21
420	9	1	21
421	8	1	21
422	7	1	21
423	6	1	21
424	5	1	21
425	4	1	21
426	3	1	21
427	2	1	21
428	1	1	21
429	12	1	21
430	1	2	22
431	12	1	21
432	11	1	21
433	10	1	21
434	9	1	21
435	10	2	22
436	9	1	21
437	8	1	21
438	7	1	21
439	8	2	22
440	7	1	21
441	6	1	21
442	5	1	21
443	4	1	21
444	3	1	21
445	2	1	21
446	1	1	21
447	12	1	21
448	11	1	21
449	10	1	21
450	11	2	22
451	10	1	21
452	9	1	21
453	8	1	21
454	7	1	21
455	8	2	22
456	7	1	21
457	6	1	21
458	5	1	21
459	4	1	21
460	3	1	21
461	2	1	21
462	3	2	22
463	2	1	21
464	1	1	21
465	12	1	21
466	11	1	21
467	10	1	21
468	9	1	21
469	8	1	21
470	7	1	21
471	6	1	21
472	5	1	21
473	4	1	21
474	3	1	21
475	2	1	21
476	1	1	21
477	12	1	21
478	11	1	21
479	10	1	21
480	9	1	21
481	8	1	21
482	9	2	22
483	8	1	21
484	7	1	21
485	6	1	21
486	7	2	22
487	6	1	21
488	5	1	21
489	4	1	21
490	3	1	21
491	2	1	21
492	1	1	21
493	12	1	21
494	11	1	21
495	12	2	22
496	11	1	21
497	10	1	21
498	9	1	21
499	8	1	21
500	7	1	21
501	6	1	21
502	5	1	21
503	4	1	21
504	3	1	21
505	2	1	21
506	1	1	21
507	2	2	22
508	1	1	21
509	12	1	21
510	11	1	21
511	10	1	21
512	9	1	21
513	8	1	21
514	7	1	21
515	6	1	21
516	5	1	21
517	4	1	21
518	5	2	22
519	4	1	21
520	3	1	21
521	2	1	21
522	1	1	21
523	12	1	21
524	11	1	21
525	10	1	21
526	9	1	21
527	8	1	21
528	7	1	21
529	6	1	21
530	5	1	21
531	4	1	21
532	3	1	21
533	2	1	21
534	1	1	21
535	12	1	21
536	11	1	21
537	10	1	21
538	9	1	21
539	8	1	21
540	9	2	22
541	8	1	21
542	7	1	21
543	6	1	21
544	5	1	21
545	4	1	21
546	3	1	21
547	2	1	21
548	1	1	21
549	12	1	21
550	11	1	21
551	10	1	21
552	9	1	21
553	8	1	21
554	7	1	21
555	6	1	21
556	5	1	21
557	4	1	21
558	5	2	22
559	4	1	21
560	3	1	21
561	2	1	21
562	1	1	21
563	12	1	21
564	11	1	21
565	10	1	21
566	11	2	22
567	10	1	21
568	9	1	21
569	8	1	21
570	7	1	21
571	6	1	21
572	5	1	21
573	4	1	21
574	3	1	21
575	2	1	21
576	1	1	21
577	12	1	21
578	11	1	21
579	12	2	22
580	11	1	21
581	10	1	21
582	9	1	21
583	8	1	21
584	9	2	22
585	8	1	21
586	7	1	21
587	6	1	21
588	5	1	21
589	4	1	21
590	5	2	22
591	4	1	21
592	3	1	21
593	2	1	21
594	1	1	21
595	2	2	22
596	1	1	21
597	12	1	21
598	11	1	21
599	10	1	21
600	9	1	21
601	8	1	21
602	7	1	21
603	6	1	21
604	5	1	21
605	6	2	22
606	5	1	21
607	4	1	21
608	3	1	21
609	2	1	21
610	1	1	21
611	12	1	21
612	11	1	21
613	10	1	21
614	9	1	21
615	8	1	21
616	7	1	21
617	6	1	21
618	5	1	21
619	4	1	21
620	3	1	21
621	2	1	21
622	1	1	21
623	12	1	21
624	11	1	21
625	10	1	21
626	9	1	21
627	10	2	22
628	9	1	21
629	8	1	21
630	7	1	21
631	6	1	21
632	7	2	22
633	6	1	21
634	5	1	21
635	4	1	21
636	3	1	21
637	2	1	21
638	1	1	21
639	12	1	21
640	11	1	21
641	10	1	21
642	9	1	21
643	8	1	21
644	7	1	21
645	6	1	21
646	5	1	21
647	4	1	21
648	3	1	21
649	2	1	21
650	1	1	21
651	12	1	21
652	11	1	21
653	10	1	21
654	9	1	21
655	8	1	21
656	7	1	21
657	6	1	21
658	5	1	21
659	4	1	21
660	3	1	21
661	2	1	21
662	1	1	21
663	12	1	21
664	11	1	21
665	12	2	22
666	11	1	21
667	10	1	21
668	9	1	21
669	8	1	21
670	7	1	21
671	8	2	22
672	7	1	21
673	6	1	21
674	5	1	21
675	4	1	21
676	3	1	21
677	2	1	21
678	1	1	21
679	12	1	21
680	11	1	21
681	12	2	22
682	11	1	21
683	10	1	21
684	9	1	21
685	8	1	21
686	7	1	21
687	6	1	21
688	5	1	21
689	4	1	21
690	3	1	21
691	2	1	21
692	1	1	21
693	12	1	21
694	11	1	21
695	10	1	21
696	9	1	21
697	10	2	22
698	9	1	21
699	8	1	21
700	7	1	21
701	8	2	22
702	7	1	21
703	6	1	21
704	5	1	21
705	4	1	21
706	3	1	21
707	4	2	22
708	3	1	21
709	2	1	21
710	1	1	21
711	12	1	21
712	11	1	21
713	10	1	21
714	9	1	21
715	8	1	21
716	7	1	21
717	6	1	21
718	5	1	21
719	4	1	21
720	3	1	21
721	2	1	21
722	1	1	21
723	12	1	21
724	11	1	21
725	10	1	21
726	9	1	21
727	8	1	21
728	9	2	22
729	8	1	21
730	7	1	21
731	6	1	21
732	7	2	22
733	6	1	21
734	5	1	21
735	4	1	21
736	3	1	21
737	2	1	21
738	1	1	21
739	12	1	21
740	11	1	21
741	12	2	22
742	11	1	21
743	10	1	21
744	9	1	21
745	8	1	21
746	7	1	21
747	6	1	21
748	5	1	21
749	6	2	22
750	5	1	21
751	4	1	21
752	3	1	21
753	2	1	21
754	1	1	21
755	12	1	21
756	11	1	21
757	10	1	21
758	9	1	21
759	8	1	21
760	7	1	21
761	6	1	21
762	5	1	21
763	4	1	21
764	3	1	21
765	2	1	21
766	1	1	21
767	2	2	22
768	1	1	21
769	12	1	21
770	11	1	21
771	10	1	21
772	9	1	21
773	8	1	21
774	7	1	21
775	6	1	21
776	5	1	21
777	4	1	21
778	3	1	21
779	2	1	21
780	3	2	22
781	2	1	21
782	1	1	21
783	12	1	21
784	11	1	21
785	10	1	21
786	9	1	21
787	8	1	21
788	7	1	21
789	6	1	21
790	5	1	21
791	4	1	21
792	3	1	21
793	2	1	21
794	1	1	21
795	12	1	21
796	11	1	21
797	10	1	21
798	9	1	21
799	8	1	21
800	7	1	21
801	6	1	21
802	5	1	21
803	4	1	21
804	3	1	21
805	2	1	21
806	1	1	21
807	12	1	21
808	11	1	21
809	10	1	21
810	9	1	21
811	10	2	22
812	9	1	21
813	8	1	21
814	7	1	21
815	6	1	21
816	5	1	21
817	4	1	21
818	5	2	22
819	4	1	21
820	3	1	21
