1	12	1	21
2	11	1	21
3	10	1	21
4	9	1	21
5	8	1	21
6	7	1	21
7	6	1	21
8	5	1	21
9	4	1	21
10	3	1	21
11	2	1	21
12	1	1	21
13	12	1	21
14	11	1	21
15	10	1	21
16	9	1	21
17	8	1	21
18	7	1	21
19	6	1	21
20	7	2	22
21	6	1	21
22	5	1	21
23	4	1	21
24	3	1	21
25	2	1	21
26	1	1	21
27	12	1	21
28	11	1	21
29	12	2	22
30	11	1	21
31	10	1	21
32	9	1	21
33	8	1	21
34	7	1	21
35	6	1	21
36	5	1	21
37	4	1	21
38	3	1	21
39	4	2	22
40	3	1	21
41	2	1	21
42	1	1	21
43	12	1	21
44	1	2	22
45	12	1	21
46	11	1	21
47	10	1	21
48	9	1	21
49	8	1	21
50	7	1	21
51	6	1	21
52	5	1	21
53	4	1	21
54	3	1	21
55	2	1	21
56	1	1	21
57	12	1	21
58	1	2	22
59	12	1	21
60	11	1	21
61	10	1	21
62	11	2	22
63	10	1	21
64	9	1	21
65	8	1	21
66	7	1	21
67	6	1	21
68	5	1	21
69	4	1	21
70	3	1	21
71	2	1	21
72	1	1	21
73	12	1	21
74	11	1	21
75	12	2	22
76	11	1	21
77	10	1	21
78	9	1	21
79	8	1	21
80	7	1	21
81	6	1	21
82	5	1	21
83	4	1	21
84	3	1	21
85	2	1	21
86	1	1	21
87	12	1	21
88	11	1	21
89	10	1	21
90	9	1	21
91	8	1	21
92	7	1	21
93	6	1	21
94	5	1	21
95	4	1	21
96	3	1	21
97	2	1	21
98	1	1	21
99	12	1	21
100	1	2	22
101	12	1	21
102	11	1	21
103	10	1	21
104	9	1	21
105	8	1	21
106	7	1	21
107	6	1	21
108	7	2	22
109	6	1	21
110	5	1	21
111	4	1	21
112	3	1	21
113	2	1	21
114	1	1	21
115	12	1	21
116	11	1	21
117	12	2	22
118	11	1	21
119	10	1	21
120	9	1	21
121	8	1	21
122	7	1	21
123	6	1	21
124	5	1	21
125	4	1	21
126	3	1	21
127	2	1	21
128	1	1	21
129	12	1	21
130	1	2	22
131	12	1	21
132	11	1	21
133	10	1	21
134	9	1	21
135	10	2	22
136	9	1	21
137	8	1	21
138	7	1	21
139	6	1	21
140	5	1	21
141	4	1	21
142	3	1	21
143	2	1	21
144	1	1	21
145	12	1	21
146	11	1	21
147	10	1	21
148	11	2	22
149	10	1	21
150	9	1	21
151	8	1	21
152	7	1	21
153	6	1	21
154	5	1	21
155	4	1	21
156	5	2	22
157	4	1	21
158	3	1	21
159	2	1	21
160	1	1	21
161	12	1	21
162	11	1	21
163	10	1	21
164	9	1	21
165	10	2	22
166	9	1	21
167	8	1	21
168	7	1	21
169	6	1	21
170	5	1	21
171	4	1	21
172	3	1	21
173	2	1	21
174	1	1	21
175	2	2	22
176	1	1	21
177	12	1	21
178	11	1	21
179	10	1	21
180	9	1	21
181	8	1	21
182	7	1	21
183	6	1	21
184	5	1	21
185	4	1	21
186	3	1	21
187	2	1	21
188	1	1	21
189	12	1	21
190	11	1	21
191	10	1	21
192	11	2	22
193	10	1	21
194	9	1	21
195	8	1	21
196	9	2	22
197	8	1	21
198	7	1	21
199	6	1	21
200	7	2	22
201	6	1	21
202	5	1	21
203	4	1	21
204	3	1	21
205	2	1	21
206	1	1	21
207	12	1	21
208	11	1	21
209	10	1	21
210	9	1	21
211	8	1	21
212	7	1	21
213	6	1	21
214	5	1	21
215	4	1	21
216	3	1	21
217	4	2	22
218	3	1	21
219	2	1	21
220	1	1	21
221	12	1	21
222	1	2	22
223	12	1	21
224	11	1	21
225	10	1	21
226	9	1	21
227	10	2	22
228	9	1	21
229	8	1	21
230	7	1	21
231	6	1	21
232	5	1	21
233	4	1	21
234	5	2	22
235	4	1	21
236	3	1	21
237	2	1	21
238	1	1	21
239	12	1	21
240	11	1	21
241	10	1	21
242	11	2	22
243	10	1	21
244	9	1	21
245	8	1	21
246	7	1	21
247	6	1	21
248	5	1	21
249	4	1	21
250	3	1	21
251	2	1	21
252	3	2	22
253	2	1	21
254	1	1	21
255	12	1	21
256	11	1	21
257	10	1	21
258	9	1	21
259	8	1	21
260	7	1	21
261	6	1	21
262	5	1	21
263	4	1	21
264	3	1	21
265	2	1	21
266	1	1	21
267	12	1	21
268	11	1	21
269	10	1	21
270	9	1	21
271	8	1	21
272	7	1	21
273	8	2	22
274	7	1	21
275	6	1	21
276	5	1	21
277	4	1	21
278	5	2	22
279	4	1	21
280	3	1	21
281	2	1	21
282	3	2	22
283	2	1	21
284	1	1	21
285	12	1	21
286	11	1	21
287	10	1	21
288	11	2	22
289	10	1	21
290	9	1	21
291	8	1	21
292	7	1	21
293	8	2	22
294	7	1	21
295	6	1	21
296	5	1	21
297	4	1	21
298	3	1	21
299	2	1	21
300	1	1	21
301	2	2	22
302	1	1	21
303	12	1	21
304	11	1	21
305	10	1	21
306	9	1	21
307	8	1	21
308	7	1	21
309	6	1	21
310	5	1	21
311	4	1	21
312	3	1	21
313	2	1	21
314	1	1	21
315	12	1	21
316	11	1	21
317	10	1	21
318	9	1	21
319	8	1	21
320	7	1	21
321	6	1	21
322	5	1	21
323	4	1	21
324	5	2	22
325	4	1	21
326	3	1	21
327	2	1	21
328	1	1	21
329	12	1	21
330	11	1	21
331	10	1	21
332	9	1	21
333	10	2	22
334	9	1	21
335	8	1	21
336	7	1	21
337	8	2	22
338	7	1	21
339	6	1	21
340	5	1	21
341	4	1	21
342	3	1	21
343	2	1	21
344	1	1	21
345	12	1	21
346	11	1	21
347	10	1	21
348	9	1	21
349	10	2	22
350	9	1	21
351	8	1	21
352	7	1	21
353	6	1	21
354	5	1	21
355	4	1	21
356	3	1	21
357	2	1	21
358	1	1	21
359	2	2	22
360	1	1	21
361	12	1	21
362	11	1	21
363	10	1	21
364	9	1	21
365	8	1	21
366	7	1	21
367	6	1	21
368	7	2	22
369	6	1	21
370	5	1	21
371	4	1	21
372	3	1	21
373	4	2	22
374	3	1	21
375	2	1	21
376	1	1	21
377	12	1	21
378	11	1	21
379	10	1	21
380	9	1	21
381	8	1	21
382	7	1	21
383	6	1	21
384	5	1	21
385	4	1	21
386	3	1	21
387	2	1	21
388	1	1	21
389	12	1	21
390	11	1	21
391	10	1	21
392	9	1	21
393	8	1	21
394	7	1	21
395	6	1	21
396	5	1	21
397	6	2	22
398	5	1	21
399	4	1	21
400	3	1	21
401	4	2	22
402	3	1	21
403	2	1	21
404	1	1	21
405	12	1	21
406	1	2	22
407	12	1	21
408	11	1	21
409	10	1	21
410	9	1	21
411	8	1	21
412	7	1	21
413	6	1	21
414	5	1	21
415	4	1	21
416	3	1	21
417	2	1	21
418	1	1	21
419	12	1	21
420	11	1	21
421	12	2	22
422	11	1	21
423	10	1	21
424	9	1	21
425	8	1	21
426	7	1	21
427	6	1	21
428	5	1	21
429	4	1	21
430	3	1	21
431	4	2	22
432	3	1	21
433	2	1	21
434	1	1	21
435	12	1	21
436	11	1	21
437	10	1	21
438	9	1	21
439	8	1	21
440	7	1	21
441	6	1	21
442	5	1	21
443	4	1	21
444	3	1	21
445	2	1	21
446	1	1	21
447	12	1	21
448	11	1	21
449	10	1	21
450	9	1	21
451	8	1	21
452	9	2	22
453	8	1	21
454	7	1	21
455	6	1	21
456	5	1	21
457	4	1	21
458	3	1	21
459	2	1	21
460	1	1	21
461	2	2	22
462	1	1	21
463	12	1	21
464	11	1	21
465	10	1	21
466	11	2	22
467	10	1	21
468	9	1	21
469	8	1	21
470	7	1	21
471	6	1	21
472	5	1	21
473	4	1	21
474	3	1	21
475	2	1	21
476	3	2	22
477	2	1	21
478	1	1	21
479	12	1	21
480	11	1	21
481	10	1	21
482	9	1	21
483	8	1	21
484	7	1	21
485	6	1	21
486	5	1	21
487	4	1	21
488	3	1	21
489	2	1	21
490	1	1	21
491	12	1	21
492	11	1	21
493	10	1	21
494	9	1	21
495	8	1	21
496	7	1	21
497	6	1	21
498	5	1	21
499	6	2	22
500	5	1	21
501	4	1	21
502	3	1	21
503	4	2	22
504	3	1	21
505	2	1	21
506	1	1	21
507	12	1	21
508	11	1	21
509	10	1	21
510	9	1	21
511	8	1	21
512	7	1	21
513	6	1	21
514	5	1	21
515	4	1	21
516	3	1	21
517	2	1	21
518	1	1	21
519	12	1	21
520	11	1	21
521	10	1	21
522	9	1	21
523	8	1	21
524	9	2	22
525	8	1	21
526	7	1	21
527	6	1	21
528	5	1	21
529	4	1	21
530	5	2	22
531	4	1	21
532	3	1	21
533	2	1	21
534	1	1	21
535	12	1	21
536	11	1	21
537	10	1	21
538	9	1	21
539	8	1	21
540	7	1	21
541	8	2	22
542	7	1	21
543	6	1	21
544	5	1	21
545	4	1	21
546	3	1	21
547	2	1	21
548	1	1	21
549	12	1	21
550	11	1	21
551	10	1	21
552	9	1	21
553	8	1	21
554	7	1	21
555	6	1	21
556	5	1	21
557	6	2	22
558	5	1	21
559	4	1	21
560	3	1	21
561	2	1	21
562	1	1	21
563	12	1	21
564	11	1	21
565	12	2	22
566	11	1	21
567	10	1	21
568	9	1	21
569	8	1	21
570	7	1	21
571	8	2	22
572	7	1	21
573	6	1	21
574	5	1	21
575	4	1	21
576	3	1	21
577	4	2	22
578	3	1	21
579	2	1	21
580	1	1	21
581	12	1	21
582	11	1	21
583	10	1	21
584	9	1	21
585	8	1	21
586	7	1	21
587	6	1	21
588	7	2	22
589	6	1	21
590	5	1	21
591	4	1	21
592	3	1	21
593	2	1	21
594	1	1	21
595	12	1	21
596	11	1	21
597	10	1	21
598	9	1	21
599	8	1	21
600	7	1	21
601	6	1	21
602	5	1	21
603	6	2	22
604	5	1	21
605	4	1	21
606	3	1	21
607	2	1	21
608	3	2	22
609	2	1	21
610	1	1	21
611	12	1	21
612	11	1	21
613	10	1	21
614	9	1	21
615	8	1	21
616	7	1	21
617	6	1	21
618	5	1	21
619	4	1	21
620	3	1	21
621	2	1	21
622	1	1	21
623	12	1	21
624	11	1	21
625	10	1	21
626	9	1	21
627	8	1	21
628	7	1	21
629	6	1	21
630	5	1	21
631	4	1	21
632	3	1	21
633	2	1	21
634	1	1	21
635	12	1	21
636	11	1	21
637	10	1	21
638	9	1	21
639	8	1	21
640	9	2	22
641	8	1	21
642	7	1	21
643	6	1	21
644	5	1	21
645	4	1	21
646	3	1	21
647	2	1	21
648	1	1	21
649	12	1	21
650	11	1	21
651	10	1	21
652	9	1	21
653	8	1	21
654	7	1	21
655	6	1	21
656	5	1	21
657	4	1	21
658	5	2	22
659	4	1	21
660	3	1	21
661	2	1	21
662	1	1	21
663	2	2	22
664	1	1	21
665	12	1	21
666	11	1	21
667	10	1	21
668	9	1	21
669	8	1	21
670	7	1	21
671	6	1	21
672	5	1	21
673	4	1	21
674	3	1	21
675	2	1	21
676	3	2	22
677	2	1	21
678	1	1	21
679	12	1	21
680	11	1	21
681	10	1	21
682	9	1	21
683	8	1	21
684	7	1	21
685	6	1	21
686	5	1	21
687	4	1	21
688	3	1	21
689	2	1	21
690	1	1	21
691	12	1	21
692	11	1	21
693	10	1	21
694	9	1	21
695	8	1	21
696	7	1	21
697	6	1	21
698	5	1	21
699	4	1	21
700	3	1	21
701	2	1	21
702	1	1	21
703	12	1	21
704	11	1	21
705	12	2	22
706	11	1	21
707	10	1	21
708	9	1	21
709	8	1	21
710	7	1	21
711	6	1	21
712	5	1	21
713	6	2	22
714	5	1	21
715	4	1	21
716	3	1	21
717	2	1	21
718	1	1	21
719	12	1	21
720	11	1	21
721	10	1	21
722	9	1	21
723	8	1	21
724	7	1	21
725	6	1	21
726	5	1	21
727	4	1	21
728	3	1	21
729	2	1	21
730	1	1	21
731	2	2	22
732	1	1	21
733	12	1	21
734	11	1	21
735	10	1	21
736	9	1	21
737	8	1	21
738	9	2	22
739	8	1	21
740	7	1	21
741	6	1	21
742	5	1	21
743	4	1	21
744	3	1	21
745	2	1	21
746	3	2	22
747	2	1	21
748	1	1	21
749	12	1	21
750	11	1	21
751	10	1	21
752	9	1	21
753	10	2	22
754	9	1	21
755	8	1	21
756	7	1	21
757	6	1	21
758	5	1	21
759	4	1	21
760	3	1	21
761	2	1	21
762	3	2	22
763	2	1	21
764	1	1	21
765	12	1	21
766	11	1	21
767	10	1	21
768	9	1	21
769	8	1	21
770	7	1	21
771	6	1	21
772	5	1	21
773	4	1	21
774	3	1	21
775	2	1	21
776	1	1	21
777	12	1	21
778	11	1	21
779	10	1	21
780	9	1	21
781	8	1	21
782	7	1	21
783	6	1	21
784	5	1	21
785	6	2	22
786	5	1	21
787	4	1	21
788	3	1	21
789	2	1	21
790	1	1	21
791	12	1	21
792	11	1	21
793	10	1	21
794	9	1	21
795	8	1	21
796	7	1	21
797	8	2	22
798	7	1	21
799	6	1	21
800	5	1	21
801	4	1	21
802	5	2	22
803	4	1	21
804	3	1	21
805	2	1	21
806	1	1	21
807	12	1	21
808	11	1	21
809	10	1	21
810	9	1	21
811	8	1	21
812	9	2	22
813	8	1	21
814	7	1	21
815	6	1	21
816	7	2	22
817	6	1	21
818	5	1	21
819	4	1	21
820	3	1	21
