1	12	1	41
2	11	1	41
3	10	1	41
4	9	1	41
5	8	1	41
6	7	1	41
7	8	2	42
8	7	1	41
9	6	1	41
10	5	1	41
11	4	1	41
12	3	1	41
13	2	1	41
14	1	1	41
15	2	2	42
16	1	1	41
17	12	1	41
18	11	1	41
19	10	1	41
20	9	1	41
21	8	1	41
22	7	1	41
23	6	1	41
24	5	1	41
25	4	1	41
26	5	2	42
27	4	1	41
28	3	1	41
29	2	1	41
30	1	1	41
31	12	1	41
32	11	1	41
33	12	2	42
34	11	1	41
35	10	1	41
36	9	1	41
37	8	1	41
38	7	1	41
39	6	1	41
40	5	1	41
41	4	1	41
42	3	1	41
43	4	2	42
44	3	1	41
45	2	1	41
46	1	1	41
47	12	1	41
48	11	1	41
49	10	1	41
50	9	1	41
51	8	1	41
52	7	1	41
53	6	1	41
54	5	1	41
55	4	1	41
56	5	2	42
57	4	1	41
58	3	1	41
59	2	1	41
60	1	1	41
61	12	1	41
62	11	1	41
63	12	2	42
64	11	1	41
65	10	1	41
66	9	1	41
67	8	1	41
68	7	1	41
69	6	1	41
70	5	1	41
71	4	1	41
72	3	1	41
73	2	1	41
74	1	1	41
75	12	1	41
76	11	1	41
77	10	1	41
78	9	1	41
79	8	1	41
80	7	1	41
81	8	2	42
82	7	1	41
83	6	1	41
84	5	1	41
85	4	1	41
86	3	1	41
87	2	1	41
88	3	2	42
89	2	1	41
90	1	1	41
91	12	1	41
92	11	1	41
93	12	2	42
94	11	1	41
95	10	1	41
96	9	1	41
97	8	1	41
98	7	1	41
99	6	1	41
100	5	1	41
101	4	1	41
102	5	2	42
103	4	1	41
104	3	1	41
105	2	1	41
106	1	1	41
107	12	1	41
108	11	1	41
109	10	1	41
110	9	1	41
111	8	1	41
112	7	1	41
113	6	1	41
114	5	1	41
115	4	1	41
116	3	1	41
117	2	1	41
118	1	1	41
119	12	1	41
120	11	1	41
121	10	1	41
122	11	2	42
123	10	1	41
124	9	1	41
125	8	1	41
126	7	1	41
127	6	1	41
128	5	1	41
129	4	1	41
130	3	1	41
131	2	1	41
132	1	1	41
133	12	1	41
134	11	1	41
135	10	1	41
136	9	1	41
137	8	1	41
138	7	1	41
139	6	1	41
140	5	1	41
141	4	1	41
142	3	1	41
143	2	1	41
144	1	1	41
145	12	1	41
146	11	1	41
147	10	1	41
148	9	1	41
149	8	1	41
150	7	1	41
151	6	1	41
152	5	1	41
153	4	1	41
154	3	1	41
155	2	1	41
156	3	2	42
157	2	1	41
158	1	1	41
159	12	1	41
160	11	1	41
161	10	1	41
162	9	1	41
163	8	1	41
164	7	1	41
165	6	1	41
166	5	1	41
167	4	1	41
168	3	1	41
169	2	1	41
170	1	1	41
171	12	1	41
172	11	1	41
173	12	2	42
174	11	1	41
175	10	1	41
176	9	1	41
177	8	1	41
178	7	1	41
179	6	1	41
180	5	1	41
181	6	2	42
182	5	1	41
183	4	1	41
184	3	1	41
185	2	1	41
186	1	1	41
187	12	1	41
188	11	1	41
189	10	1	41
190	9	1	41
191	10	2	42
192	9	1	41
193	8	1	41
194	7	1	41
195	6	1	41
196	5	1	41
197	4	1	41
198	3	1	41
199	4	2	42
200	3	1	41
201	2	1	41
202	1	1	41
203	12	1	41
204	11	1	41
205	10	1	41
206	9	1	41
207	8	1	41
208	7	1	41
209	6	1	41
210	7	2	42
211	6	1	41
212	5	1	41
213	4	1	41
214	3	1	41
215	2	1	41
216	1	1	41
217	12	1	41
218	11	1	41
219	10	1	41
220	9	1	41
221	10	2	42
222	9	1	41
223	8	1	41
224	7	1	41
225	6	1	41
226	5	1	41
227	6	2	42
228	5	1	41
229	4	1	41
230	3	1	41
231	2	1	41
232	1	1	41
233	2	2	42
234	1	1	41
235	12	1	41
236	11	1	41
237	10	1	41
238	9	1	41
239	8	1	41
240	7	1	41
241	6	1	41
242	5	1	41
243	4	1	41
244	3	1	41
245	4	2	42
246	3	1	41
247	2	1	41
248	1	1	41
249	12	1	41
250	11	1	41
251	10	1	41
252	9	1	41
253	8	1	41
254	7	1	41
255	6	1	41
256	7	2	42
257	6	1	41
258	5	1	41
259	4	1	41
260	3	1	41
261	4	2	42
262	3	1	41
263	2	1	41
264	1	1	41
265	12	1	41
266	11	1	41
267	10	1	41
268	9	1	41
269	8	1	41
270	7	1	41
271	6	1	41
272	5	1	41
273	4	1	41
274	3	1	41
275	2	1	41
276	1	1	41
277	12	1	41
278	11	1	41
279	10	1	41
280	9	1	41
281	8	1	41
282	7	1	41
283	6	1	41
284	5	1	41
285	4	1	41
286	3	1	41
287	2	1	41
288	1	1	41
289	12	1	41
290	11	1	41
291	10	1	41
292	11	2	42
293	10	1	41
294	9	1	41
295	8	1	41
296	7	1	41
297	6	1	41
298	5	1	41
299	4	1	41
300	5	2	42
301	4	1	41
302	3	1	41
303	2	1	41
304	3	2	42
305	2	1	41
306	1	1	41
307	12	1	41
308	11	1	41
309	10	1	41
310	9	1	41
311	10	2	42
312	9	1	41
313	8	1	41
314	7	1	41
315	6	1	41
316	5	1	41
317	4	1	41
318	3	1	41
319	2	1	41
320	1	1	41
321	12	1	41
322	11	1	41
323	10	1	41
324	11	2	42
325	10	1	41
326	9	1	41
327	8	1	41
328	7	1	41
329	6	1	41
330	5	1	41
331	6	2	42
332	5	1	41
333	4	1	41
334	3	1	41
335	2	1	41
336	1	1	41
337	12	1	41
338	11	1	41
339	10	1	41
340	11	2	42
341	10	1	41
342	9	1	41
343	8	1	41
344	9	2	42
345	8	1	41
346	7	1	41
347	6	1	41
348	5	1	41
349	6	2	42
350	5	1	41
351	4	1	41
352	3	1	41
353	4	2	42
354	3	1	41
355	2	1	41
356	1	1	41
357	12	1	41
358	11	1	41
359	10	1	41
360	9	1	41
361	8	1	41
362	9	2	42
363	8	1	41
364	7	1	41
365	6	1	41
366	5	1	41
367	4	1	41
368	3	1	41
369	2	1	41
370	1	1	41
371	12	1	41
372	11	1	41
373	10	1	41
374	9	1	41
375	8	1	41
376	7	1	41
377	6	1	41
378	5	1	41
379	4	1	41
380	5	2	42
381	4	1	41
382	3	1	41
383	2	1	41
384	1	1	41
385	2	2	42
386	1	1	41
387	12	1	41
388	11	1	41
389	10	1	41
390	9	1	41
391	8	1	41
392	7	1	41
393	8	2	42
394	7	1	41
395	6	1	41
396	5	1	41
397	4	1	41
398	3	1	41
399	2	1	41
400	1	1	41
401	2	2	42
402	1	1	41
403	12	1	41
404	11	1	41
405	10	1	41
406	9	1	41
407	8	1	41
408	7	1	41
409	6	1	41
410	5	1	41
411	4	1	41
412	3	1	41
413	2	1	41
414	1	1	41
415	2	2	42
416	1	1	41
417	12	1	41
418	11	1	41
419	10	1	41
420	9	1	41
421	8	1	41
422	7	1	41
423	6	1	41
424	5	1	41
425	4	1	41
426	3	1	41
427	2	1	41
428	1	1	41
429	12	1	41
430	11	1	41
431	10	1	41
432	9	1	41
433	10	2	42
434	9	1	41
435	8	1	41
436	7	1	41
437	6	1	41
438	5	1	41
439	4	1	41
440	3	1	41
441	2	1	41
442	1	1	41
443	12	1	41
444	11	1	41
445	10	1	41
446	9	1	41
447	8	1	41
448	7	1	41
449	6	1	41
450	7	2	42
451	6	1	41
452	5	1	41
453	4	1	41
454	3	1	41
455	2	1	41
456	1	1	41
457	12	1	41
458	11	1	41
459	12	2	42
460	11	1	41
461	10	1	41
462	9	1	41
463	8	1	41
464	9	2	42
465	8	1	41
466	7	1	41
467	6	1	41
468	7	2	42
469	6	1	41
470	5	1	41
471	4	1	41
472	5	2	42
473	4	1	41
474	3	1	41
475	2	1	41
476	1	1	41
477	12	1	41
478	11	1	41
479	12	2	42
480	11	1	41
481	10	1	41
482	9	1	41
483	8	1	41
484	7	1	41
485	6	1	41
486	5	1	41
487	6	2	42
488	5	1	41
489	4	1	41
490	3	1	41
491	2	1	41
492	1	1	41
493	12	1	41
494	11	1	41
495	10	1	41
496	9	1	41
497	10	2	42
498	9	1	41
499	8	1	41
500	7	1	41
501	6	1	41
502	5	1	41
503	4	1	41
504	5	2	42
505	4	1	41
506	3	1	41
507	2	1	41
508	1	1	41
509	12	1	41
510	11	1	41
511	10	1	41
512	9	1	41
513	8	1	41
514	7	1	41
515	6	1	41
516	5	1	41
517	4	1	41
518	3	1	41
519	4	2	42
520	3	1	41
521	2	1	41
522	1	1	41
523	12	1	41
524	11	1	41
525	10	1	41
526	11	2	42
527	10	1	41
528	9	1	41
529	8	1	41
530	9	2	42
531	8	1	41
532	7	1	41
533	6	1	41
534	5	1	41
535	4	1	41
536	3	1	41
537	2	1	41
538	3	2	42
539	2	1	41
540	1	1	41
541	12	1	41
542	11	1	41
543	10	1	41
544	9	1	41
545	8	1	41
546	7	1	41
547	6	1	41
548	5	1	41
549	4	1	41
550	3	1	41
551	2	1	41
552	1	1	41
553	12	1	41
554	11	1	41
555	10	1	41
556	9	1	41
557	8	1	41
558	7	1	41
559	6	1	41
560	5	1	41
561	4	1	41
562	3	1	41
563	2	1	41
564	1	1	41
565	12	1	41
566	11	1	41
567	10	1	41
568	11	2	42
569	10	1	41
570	9	1	41
571	8	1	41
572	7	1	41
573	6	1	41
574	5	1	41
575	4	1	41
576	3	1	41
577	2	1	41
578	1	1	41
579	12	1	41
580	11	1	41
581	10	1	41
582	9	1	41
583	8	1	41
584	9	2	42
585	8	1	41
586	7	1	41
587	6	1	41
588	5	1	41
589	4	1	41
590	3	1	41
591	2	1	41
592	1	1	41
593	2	2	42
594	1	1	41
595	12	1	41
596	11	1	41
597	10	1	41
598	9	1	41
599	8	1	41
600	9	2	42
601	8	1	41
602	7	1	41
603	6	1	41
604	5	1	41
605	4	1	41
606	3	1	41
607	2	1	41
608	1	1	41
609	12	1	41
610	11	1	41
611	10	1	41
612	9	1	41
613	10	2	42
614	9	1	41
615	8	1	41
616	7	1	41
617	6	1	41
618	5	1	41
619	4	1	41
620	3	1	41
621	2	1	41
622	3	2	42
623	2	1	41
624	1	1	41
625	12	1	41
626	11	1	41
627	10	1	41
628	11	2	42
629	10	1	41
630	9	1	41
631	8	1	41
632	7	1	41
633	6	1	41
634	7	2	42
635	6	1	41
636	5	1	41
637	4	1	41
638	3	1	41
639	2	1	41
640	3	2	42
641	2	1	41
642	1	1	41
643	12	1	41
644	11	1	41
645	10	1	41
646	9	1	41
647	8	1	41
648	7	1	41
649	6	1	41
650	5	1	41
651	6	2	42
652	5	1	41
653	4	1	41
654	3	1	41
655	2	1	41
656	1	1	41
657	2	2	42
658	1	1	41
659	12	1	41
660	11	1	41
661	10	1	41
662	9	1	41
663	8	1	41
664	7	1	41
665	6	1	41
666	5	1	41
667	4	1	41
668	3	1	41
669	4	2	42
670	3	1	41
671	2	1	41
672	1	1	41
673	12	1	41
674	11	1	41
675	10	1	41
676	9	1	41
677	8	1	41
678	7	1	41
679	6	1	41
680	7	2	42
681	6	1	41
682	5	1	41
683	4	1	41
684	3	1	41
685	2	1	41
686	1	1	41
687	12	1	41
688	11	1	41
689	12	2	42
690	11	1	41
691	10	1	41
692	9	1	41
693	8	1	41
694	7	1	41
695	8	2	42
696	7	1	41
697	6	1	41
698	5	1	41
699	4	1	41
700	3	1	41
701	2	1	41
702	1	1	41
703	12	1	41
704	11	1	41
705	10	1	41
706	9	1	41
707	8	1	41
708	7	1	41
709	6	1	41
710	7	2	42
711	6	1	41
712	5	1	41
713	4	1	41
714	3	1	41
715	2	1	41
716	1	1	41
717	12	1	41
718	11	1	41
719	10	1	41
720	9	1	41
721	8	1	41
722	7	1	41
723	8	2	42
724	7	1	41
725	6	1	41
726	5	1	41
727	4	1	41
728	3	1	41
729	2	1	41
730	1	1	41
731	12	1	41
732	11	1	41
733	10	1	41
734	9	1	41
735	8	1	41
736	7	1	41
737	8	2	42
738	7	1	41
739	6	1	41
740	5	1	41
741	4	1	41
742	3	1	41
743	2	1	41
744	1	1	41
745	12	1	41
746	11	1	41
747	10	1	41
748	9	1	41
749	8	1	41
750	7	1	41
751	6	1	41
752	5	1	41
753	4	1	41
754	3	1	41
755	2	1	41
756	1	1	41
757	12	1	41
758	11	1	41
759	10	1	41
760	9	1	41
761	8	1	41
762	7	1	41
763	8	2	42
764	7	1	41
765	6	1	41
766	5	1	41
767	4	1	41
768	3	1	41
769	2	1	41
770	1	1	41
771	12	1	41
772	11	1	41
773	10	1	41
774	9	1	41
775	8	1	41
776	7	1	41
777	6	1	41
778	5	1	41
779	4	1	41
780	3	1	41
781	2	1	41
782	1	1	41
783	12	1	41
784	11	1	41
785	10	1	41
786	9	1	41
787	8	1	41
788	7	1	41
789	6	1	41
790	5	1	41
791	6	2	42
792	5	1	41
793	4	1	41
794	3	1	41
795	2	1	41
796	1	1	41
797	12	1	41
798	11	1	41
799	10	1	41
800	9	1	41
801	8	1	41
802	7	1	41
803	6	1	41
804	5	1	41
805	4	1	41
806	3	1	41
807	2	1	41
808	1	1	41
809	12	1	41
810	11	1	41
811	10	1	41
812	9	1	41
813	8	1	41
814	9	2	42
815	8	1	41
816	7	1	41
817	6	1	41
818	5	1	41
819	4	1	41
820	3	1	41
