1	12	1	21
2	11	1	21
3	10	1	21
4	9	1	21
5	8	1	21
6	7	1	21
7	6	1	21
8	5	1	21
9	4	1	21
10	3	1	21
11	2	1	21
12	1	1	21
13	12	1	21
14	11	1	21
15	12	2	22
16	11	1	21
17	10	1	21
18	9	1	21
19	8	1	21
20	7	1	21
21	6	1	21
22	5	1	21
23	4	1	21
24	3	1	21
25	2	1	21
26	1	1	21
27	12	1	21
28	11	1	21
29	10	1	21
30	9	1	21
31	8	1	21
32	7	1	21
33	6	1	21
34	5	1	21
35	4	1	21
36	3	1	21
37	2	1	21
38	1	1	21
39	12	1	21
40	11	1	21
41	10	1	21
42	9	1	21
43	8	1	21
44	7	1	21
45	6	1	21
46	5	1	21
47	6	2	22
48	5	1	21
49	4	1	21
50	3	1	21
51	2	1	21
52	1	1	21
53	12	1	21
54	11	1	21
55	10	1	21
56	9	1	21
57	8	1	21
58	7	1	21
59	6	1	21
60	5	1	21
61	4	1	21
62	3	1	21
63	4	2	22
64	3	1	21
65	2	1	21
66	1	1	21
67	2	2	22
68	1	1	21
69	12	1	21
70	11	1	21
71	10	1	21
72	9	1	21
73	8	1	21
74	7	1	21
75	6	1	21
76	5	1	21
77	4	1	21
78	3	1	21
79	2	1	21
80	1	1	21
81	12	1	21
82	11	1	21
83	10	1	21
84	9	1	21
85	8	1	21
86	7	1	21
87	8	2	22
88	7	1	21
89	6	1	21
90	5	1	21
91	4	1	21
92	5	2	22
93	4	1	21
94	3	1	21
95	2	1	21
96	3	2	22
97	2	1	21
98	1	1	21
99	12	1	21
100	11	1	21
101	12	2	22
102	11	1	21
103	10	1	21
104	9	1	21
105	8	1	21
106	7	1	21
107	6	1	21
108	7	2	22
109	6	1	21
110	5	1	21
111	4	1	21
112	3	1	21
113	2	1	21
114	1	1	21
115	12	1	21
116	1	2	22
117	12	1	21
118	11	1	21
119	10	1	21
120	11	2	22
121	10	1	21
122	9	1	21
123	8	1	21
124	7	1	21
125	6	1	21
126	7	2	22
127	6	1	21
128	5	1	21
129	4	1	21
130	3	1	21
131	4	2	22
132	3	1	21
133	2	1	21
134	1	1	21
135	12	1	21
136	1	2	22
137	12	1	21
138	11	1	21
139	10	1	21
140	9	1	21
141	8	1	21
142	7	1	21
143	6	1	21
144	5	1	21
145	4	1	21
146	3	1	21
147	2	1	21
148	1	1	21
149	12	1	21
150	11	1	21
151	10	1	21
152	9	1	21
153	8	1	21
154	7	1	21
155	6	1	21
156	5	1	21
157	4	1	21
158	3	1	21
159	2	1	21
160	1	1	21
161	12	1	21
162	11	1	21
163	10	1	21
164	11	2	22
165	10	1	21
166	9	1	21
167	8	1	21
168	7	1	21
169	6	1	21
170	7	2	22
171	6	1	21
172	5	1	21
173	4	1	21
174	3	1	21
175	2	1	21
176	1	1	21
177	12	1	21
178	11	1	21
179	10	1	21
180	9	1	21
181	8	1	21
182	9	2	22
183	8	1	21
184	7	1	21
185	6	1	21
186	5	1	21
187	4	1	21
188	3	1	21
189	2	1	21
190	1	1	21
191	12	1	21
192	11	1	21
193	10	1	21
194	9	1	21
195	8	1	21
196	7	1	21
197	6	1	21
198	5	1	21
199	6	2	22
200	5	1	21
201	4	1	21
202	3	1	21
203	2	1	21
204	1	1	21
205	12	1	21
206	11	1	21
207	10	1	21
208	9	1	21
209	8	1	21
210	9	2	22
211	8	1	21
212	7	1	21
213	6	1	21
214	5	1	21
215	6	2	22
216	5	1	21
217	4	1	21
218	3	1	21
219	2	1	21
220	1	1	21
221	12	1	21
222	1	2	22
223	12	1	21
224	11	1	21
225	10	1	21
226	9	1	21
227	10	2	22
228	9	1	21
229	8	1	21
230	7	1	21
231	6	1	21
232	5	1	21
233	4	1	21
234	3	1	21
235	2	1	21
236	1	1	21
237	12	1	21
238	11	1	21
239	10	1	21
240	9	1	21
241	8	1	21
242	7	1	21
243	6	1	21
244	5	1	21
245	4	1	21
246	5	2	22
247	4	1	21
248	3	1	21
249	2	1	21
250	1	1	21
251	12	1	21
252	11	1	21
253	10	1	21
254	11	2	22
255	10	1	21
256	9	1	21
257	8	1	21
258	9	2	22
259	8	1	21
260	7	1	21
261	6	1	21
262	7	2	22
263	6	1	21
264	5	1	21
265	4	1	21
266	3	1	21
267	2	1	21
268	1	1	21
269	12	1	21
270	11	1	21
271	10	1	21
272	9	1	21
273	8	1	21
274	7	1	21
275	8	2	22
276	7	1	21
277	6	1	21
278	5	1	21
279	4	1	21
280	3	1	21
281	2	1	21
282	1	1	21
283	12	1	21
284	1	2	22
285	12	1	21
286	11	1	21
287	10	1	21
288	9	1	21
289	8	1	21
290	9	2	22
291	8	1	21
292	7	1	21
293	6	1	21
294	5	1	21
295	4	1	21
296	3	1	21
297	2	1	21
298	1	1	21
299	12	1	21
300	11	1	21
301	10	1	21
302	9	1	21
303	8	1	21
304	7	1	21
305	6	1	21
306	7	2	22
307	6	1	21
308	5	1	21
309	4	1	21
310	5	2	22
311	4	1	21
312	3	1	21
313	2	1	21
314	3	2	22
315	2	1	21
316	1	1	21
317	12	1	21
318	11	1	21
319	10	1	21
320	9	1	21
321	8	1	21
322	7	1	21
323	6	1	21
324	5	1	21
325	4	1	21
326	3	1	21
327	2	1	21
328	1	1	21
329	2	2	22
330	1	1	21
331	12	1	21
332	11	1	21
333	10	1	21
334	9	1	21
335	8	1	21
336	9	2	22
337	8	1	21
338	7	1	21
339	6	1	21
340	5	1	21
341	4	1	21
342	3	1	21
343	4	2	22
344	3	1	21
345	2	1	21
346	1	1	21
347	12	1	21
348	11	1	21
349	10	1	21
350	11	2	22
351	10	1	21
352	9	1	21
353	8	1	21
354	7	1	21
355	8	2	22
356	7	1	21
357	6	1	21
358	5	1	21
359	4	1	21
360	5	2	22
361	4	1	21
362	3	1	21
363	2	1	21
364	1	1	21
365	12	1	21
366	11	1	21
367	12	2	22
368	11	1	21
369	10	1	21
370	9	1	21
371	8	1	21
372	7	1	21
373	6	1	21
374	5	1	21
375	4	1	21
376	3	1	21
377	2	1	21
378	1	1	21
379	12	1	21
380	11	1	21
381	10	1	21
382	9	1	21
383	8	1	21
384	9	2	22
385	8	1	21
386	7	1	21
387	6	1	21
388	5	1	21
389	4	1	21
390	5	2	22
391	4	1	21
392	3	1	21
393	2	1	21
394	1	1	21
395	12	1	21
396	11	1	21
397	10	1	21
398	9	1	21
399	8	1	21
400	7	1	21
401	6	1	21
402	7	2	22
403	6	1	21
404	5	1	21
405	4	1	21
406	3	1	21
407	2	1	21
408	1	1	21
409	2	2	22
410	1	1	21
411	12	1	21
412	11	1	21
413	10	1	21
414	9	1	21
415	8	1	21
416	7	1	21
417	6	1	21
418	5	1	21
419	4	1	21
420	3	1	21
421	2	1	21
422	1	1	21
423	12	1	21
424	11	1	21
425	10	1	21
426	9	1	21
427	8	1	21
428	7	1	21
429	6	1	21
430	5	1	21
431	4	1	21
432	3	1	21
433	2	1	21
434	1	1	21
435	12	1	21
436	11	1	21
437	10	1	21
438	9	1	21
439	8	1	21
440	7	1	21
441	8	2	22
442	7	1	21
443	6	1	21
444	5	1	21
445	4	1	21
446	3	1	21
447	2	1	21
448	3	2	22
449	2	1	21
450	1	1	21
451	12	1	21
452	11	1	21
453	10	1	21
454	9	1	21
455	8	1	21
456	7	1	21
457	6	1	21
458	5	1	21
459	4	1	21
460	3	1	21
461	2	1	21
462	1	1	21
463	12	1	21
464	11	1	21
465	12	2	22
466	11	1	21
467	10	1	21
468	9	1	21
469	10	2	22
470	9	1	21
471	8	1	21
472	7	1	21
473	6	1	21
474	5	1	21
475	4	1	21
476	3	1	21
477	2	1	21
478	1	1	21
479	12	1	21
480	1	2	22
481	12	1	21
482	11	1	21
483	10	1	21
484	9	1	21
485	8	1	21
486	7	1	21
487	6	1	21
488	7	2	22
489	6	1	21
490	5	1	21
491	4	1	21
492	3	1	21
493	2	1	21
494	1	1	21
495	12	1	21
496	11	1	21
497	10	1	21
498	9	1	21
499	8	1	21
500	7	1	21
501	6	1	21
502	5	1	21
503	4	1	21
504	3	1	21
505	4	2	22
506	3	1	21
507	2	1	21
508	1	1	21
509	12	1	21
510	1	2	22
511	12	1	21
512	11	1	21
513	10	1	21
514	9	1	21
515	8	1	21
516	7	1	21
517	6	1	21
518	5	1	21
519	4	1	21
520	3	1	21
521	2	1	21
522	1	1	21
523	12	1	21
524	11	1	21
525	10	1	21
526	9	1	21
527	8	1	21
528	7	1	21
529	6	1	21
530	5	1	21
531	4	1	21
532	3	1	21
533	2	1	21
534	3	2	22
535	2	1	21
536	1	1	21
537	12	1	21
538	11	1	21
539	10	1	21
540	9	1	21
541	8	1	21
542	7	1	21
543	6	1	21
544	5	1	21
545	4	1	21
546	3	1	21
547	2	1	21
548	1	1	21
549	12	1	21
550	11	1	21
551	12	2	22
552	11	1	21
553	10	1	21
554	9	1	21
555	8	1	21
556	7	1	21
557	6	1	21
558	5	1	21
559	4	1	21
560	3	1	21
561	2	1	21
562	1	1	21
563	2	2	22
564	1	1	21
565	12	1	21
566	11	1	21
567	10	1	21
568	9	1	21
569	10	2	22
570	9	1	21
571	8	1	21
572	7	1	21
573	8	2	22
574	7	1	21
575	6	1	21
576	5	1	21
577	6	2	22
578	5	1	21
579	4	1	21
580	3	1	21
581	4	2	22
582	3	1	21
583	2	1	21
584	1	1	21
585	12	1	21
586	11	1	21
587	10	1	21
588	11	2	22
589	10	1	21
590	9	1	21
591	8	1	21
592	7	1	21
593	6	1	21
594	5	1	21
595	4	1	21
596	3	1	21
597	2	1	21
598	3	2	22
599	2	1	21
600	1	1	21
601	12	1	21
602	11	1	21
603	10	1	21
604	11	2	22
605	10	1	21
606	9	1	21
607	8	1	21
608	7	1	21
609	6	1	21
610	5	1	21
611	4	1	21
612	3	1	21
613	2	1	21
614	1	1	21
615	12	1	21
616	11	1	21
617	10	1	21
618	9	1	21
619	10	2	22
620	9	1	21
621	8	1	21
622	7	1	21
623	6	1	21
624	5	1	21
625	4	1	21
626	3	1	21
627	2	1	21
628	1	1	21
629	12	1	21
630	11	1	21
631	12	2	22
632	11	1	21
633	10	1	21
634	9	1	21
635	8	1	21
636	7	1	21
637	6	1	21
638	5	1	21
639	4	1	21
640	3	1	21
641	4	2	22
642	3	1	21
643	2	1	21
644	1	1	21
645	12	1	21
646	11	1	21
647	10	1	21
648	9	1	21
649	8	1	21
650	7	1	21
651	6	1	21
652	5	1	21
653	4	1	21
654	3	1	21
655	2	1	21
656	1	1	21
657	12	1	21
658	11	1	21
659	10	1	21
660	9	1	21
661	8	1	21
662	7	1	21
663	6	1	21
664	5	1	21
665	4	1	21
666	3	1	21
667	2	1	21
668	1	1	21
669	12	1	21
670	11	1	21
671	10	1	21
672	9	1	21
673	8	1	21
674	7	1	21
675	6	1	21
676	5	1	21
677	4	1	21
678	3	1	21
679	2	1	21
680	1	1	21
681	12	1	21
682	11	1	21
683	10	1	21
684	9	1	21
685	10	2	22
686	9	1	21
687	8	1	21
688	7	1	21
689	6	1	21
690	5	1	21
691	4	1	21
692	3	1	21
693	2	1	21
694	1	1	21
695	2	2	22
696	1	1	21
697	12	1	21
698	11	1	21
699	10	1	21
700	9	1	21
701	8	1	21
702	7	1	21
703	6	1	21
704	5	1	21
705	4	1	21
706	3	1	21
707	2	1	21
708	1	1	21
709	12	1	21
710	11	1	21
711	10	1	21
712	9	1	21
713	8	1	21
714	7	1	21
715	6	1	21
716	5	1	21
717	4	1	21
718	3	1	21
719	2	1	21
720	1	1	21
721	12	1	21
722	11	1	21
723	10	1	21
724	9	1	21
725	8	1	21
726	7	1	21
727	8	2	22
728	7	1	21
729	6	1	21
730	5	1	21
731	6	2	22
732	5	1	21
733	4	1	21
734	3	1	21
735	2	1	21
736	1	1	21
737	12	1	21
738	11	1	21
739	10	1	21
740	9	1	21
741	8	1	21
742	7	1	21
743	6	1	21
744	5	1	21
745	6	2	22
746	5	1	21
747	4	1	21
748	3	1	21
749	2	1	21
750	3	2	22
751	2	1	21
752	1	1	21
753	12	1	21
754	11	1	21
755	10	1	21
756	9	1	21
757	10	2	22
758	9	1	21
759	8	1	21
760	7	1	21
761	6	1	21
762	5	1	21
763	4	1	21
764	3	1	21
765	2	1	21
766	1	1	21
767	12	1	21
768	11	1	21
769	10	1	21
770	9	1	21
771	8	1	21
772	7	1	21
773	6	1	21
774	5	1	21
775	4	1	21
776	3	1	21
777	2	1	21
778	1	1	21
779	12	1	21
780	11	1	21
781	10	1	21
782	9	1	21
783	8	1	21
784	7	1	21
785	6	1	21
786	5	1	21
787	4	1	21
788	3	1	21
789	4	2	22
790	3	1	21
791	2	1	21
792	1	1	21
793	2	2	22
794	1	1	21
795	12	1	21
796	11	1	21
797	10	1	21
798	9	1	21
799	10	2	22
800	9	1	21
801	8	1	21
802	7	1	21
803	6	1	21
804	5	1	21
805	4	1	21
806	3	1	21
807	2	1	21
808	1	1	21
809	12	1	21
810	11	1	21
811	10	1	21
812	9	1	21
813	8	1	21
814	7	1	21
815	6	1	21
816	5	1	21
817	4	1	21
818	5	2	22
819	4	1	21
820	3	1	21
