1	12	1	41
2	11	1	41
3	10	1	41
4	9	1	41
5	8	1	41
6	7	1	41
7	6	1	41
8	7	2	42
9	6	1	41
10	5	1	41
11	4	1	41
12	3	1	41
13	2	1	41
14	3	2	42
15	2	1	41
16	1	1	41
17	12	1	41
18	11	1	41
19	10	1	41
20	11	2	42
21	10	1	41
22	9	1	41
23	8	1	41
24	9	2	42
25	8	1	41
26	7	1	41
27	6	1	41
28	5	1	41
29	4	1	41
30	5	2	42
31	4	1	41
32	3	1	41
33	2	1	41
34	1	1	41
35	12	1	41
36	11	1	41
37	10	1	41
38	9	1	41
39	8	1	41
40	7	1	41
41	6	1	41
42	7	2	42
43	6	1	41
44	5	1	41
45	4	1	41
46	3	1	41
47	2	1	41
48	1	1	41
49	12	1	41
50	11	1	41
51	10	1	41
52	9	1	41
53	8	1	41
54	7	1	41
55	6	1	41
56	5	1	41
57	4	1	41
58	3	1	41
59	2	1	41
60	1	1	41
61	12	1	41
62	11	1	41
63	10	1	41
64	9	1	41
65	8	1	41
66	7	1	41
67	6	1	41
68	5	1	41
69	4	1	41
70	3	1	41
71	2	1	41
72	1	1	41
73	12	1	41
74	11	1	41
75	10	1	41
76	9	1	41
77	8	1	41
78	7	1	41
79	6	1	41
80	7	2	42
81	6	1	41
82	5	1	41
83	4	1	41
84	3	1	41
85	2	1	41
86	1	1	41
87	12	1	41
88	11	1	41
89	10	1	41
90	9	1	41
91	10	2	42
92	9	1	41
93	8	1	41
94	7	1	41
95	8	2	42
96	7	1	41
97	6	1	41
98	5	1	41
99	4	1	41
100	3	1	41
101	2	1	41
102	1	1	41
103	12	1	41
104	11	1	41
105	12	2	42
106	11	1	41
107	10	1	41
108	9	1	41
109	8	1	41
110	7	1	41
111	6	1	41
112	5	1	41
113	6	2	42
114	5	1	41
115	4	1	41
116	3	1	41
117	2	1	41
118	1	1	41
119	12	1	41
120	11	1	41
121	10	1	41
122	9	1	41
123	8	1	41
124	7	1	41
125	6	1	41
126	5	1	41
127	4	1	41
128	3	1	41
129	2	1	41
130	3	2	42
131	2	1	41
132	1	1	41
133	12	1	41
134	11	1	41
135	12	2	42
136	11	1	41
137	10	1	41
138	9	1	41
139	10	2	42
140	9	1	41
141	8	1	41
142	7	1	41
143	6	1	41
144	5	1	41
145	4	1	41
146	5	2	42
147	4	1	41
148	3	1	41
149	2	1	41
150	1	1	41
151	12	1	41
152	11	1	41
153	12	2	42
154	11	1	41
155	10	1	41
156	9	1	41
157	10	2	42
158	9	1	41
159	8	1	41
160	7	1	41
161	6	1	41
162	5	1	41
163	6	2	42
164	5	1	41
165	4	1	41
166	3	1	41
167	2	1	41
168	1	1	41
169	12	1	41
170	11	1	41
171	10	1	41
172	9	1	41
173	8	1	41
174	7	1	41
175	6	1	41
176	5	1	41
177	6	2	42
178	5	1	41
179	4	1	41
180	3	1	41
181	2	1	41
182	1	1	41
183	12	1	41
184	11	1	41
185	10	1	41
186	9	1	41
187	8	1	41
188	7	1	41
189	6	1	41
190	5	1	41
191	4	1	41
192	3	1	41
193	2	1	41
194	1	1	41
195	12	1	41
196	11	1	41
197	10	1	41
198	9	1	41
199	8	1	41
200	7	1	41
201	6	1	41
202	5	1	41
203	4	1	41
204	3	1	41
205	2	1	41
206	1	1	41
207	12	1	41
208	11	1	41
209	12	2	42
210	11	1	41
211	10	1	41
212	9	1	41
213	8	1	41
214	7	1	41
215	6	1	41
216	5	1	41
217	4	1	41
218	3	1	41
219	2	1	41
220	1	1	41
221	12	1	41
222	11	1	41
223	10	1	41
224	11	2	42
225	10	1	41
226	9	1	41
227	8	1	41
228	7	1	41
229	6	1	41
230	5	1	41
231	6	2	42
232	5	1	41
233	4	1	41
234	3	1	41
235	2	1	41
236	1	1	41
237	12	1	41
238	11	1	41
239	10	1	41
240	9	1	41
241	8	1	41
242	7	1	41
243	6	1	41
244	5	1	41
245	4	1	41
246	3	1	41
247	2	1	41
248	1	1	41
249	12	1	41
250	11	1	41
251	10	1	41
252	9	1	41
253	8	1	41
254	7	1	41
255	6	1	41
256	5	1	41
257	4	1	41
258	3	1	41
259	2	1	41
260	1	1	41
261	2	2	42
262	1	1	41
263	12	1	41
264	11	1	41
265	10	1	41
266	9	1	41
267	10	2	42
268	9	1	41
269	8	1	41
270	7	1	41
271	6	1	41
272	5	1	41
273	4	1	41
274	3	1	41
275	2	1	41
276	1	1	41
277	12	1	41
278	11	1	41
279	10	1	41
280	11	2	42
281	10	1	41
282	9	1	41
283	8	1	41
284	9	2	42
285	8	1	41
286	7	1	41
287	6	1	41
288	5	1	41
289	4	1	41
290	3	1	41
291	2	1	41
292	1	1	41
293	12	1	41
294	11	1	41
295	10	1	41
296	9	1	41
297	8	1	41
298	9	2	42
299	8	1	41
300	7	1	41
301	6	1	41
302	5	1	41
303	4	1	41
304	3	1	41
305	4	2	42
306	3	1	41
307	2	1	41
308	1	1	41
309	2	2	42
310	1	1	41
311	12	1	41
312	11	1	41
313	12	2	42
314	11	1	41
315	10	1	41
316	9	1	41
317	8	1	41
318	9	2	42
319	8	1	41
320	7	1	41
321	6	1	41
322	5	1	41
323	4	1	41
324	3	1	41
325	2	1	41
326	1	1	41
327	2	2	42
328	1	1	41
329	12	1	41
330	11	1	41
331	10	1	41
332	11	2	42
333	10	1	41
334	9	1	41
335	8	1	41
336	7	1	41
337	8	2	42
338	7	1	41
339	6	1	41
340	5	1	41
341	4	1	41
342	3	1	41
343	4	2	42
344	3	1	41
345	2	1	41
346	1	1	41
347	12	1	41
348	11	1	41
349	10	1	41
350	9	1	41
351	10	2	42
352	9	1	41
353	8	1	41
354	7	1	41
355	6	1	41
356	5	1	41
357	4	1	41
358	3	1	41
359	2	1	41
360	1	1	41
361	12	1	41
362	11	1	41
363	10	1	41
364	9	1	41
365	8	1	41
366	7	1	41
367	8	2	42
368	7	1	41
369	6	1	41
370	5	1	41
371	4	1	41
372	5	2	42
373	4	1	41
374	3	1	41
375	2	1	41
376	1	1	41
377	12	1	41
378	11	1	41
379	10	1	41
380	9	1	41
381	8	1	41
382	7	1	41
383	6	1	41
384	5	1	41
385	4	1	41
386	5	2	42
387	4	1	41
388	3	1	41
389	2	1	41
390	1	1	41
391	12	1	41
392	11	1	41
393	10	1	41
394	9	1	41
395	8	1	41
396	7	1	41
397	6	1	41
398	7	2	42
399	6	1	41
400	5	1	41
401	4	1	41
402	3	1	41
403	2	1	41
404	3	2	42
405	2	1	41
406	1	1	41
407	12	1	41
408	11	1	41
409	10	1	41
410	9	1	41
411	8	1	41
412	7	1	41
413	8	2	42
414	7	1	41
415	6	1	41
416	5	1	41
417	4	1	41
418	3	1	41
419	4	2	42
420	3	1	41
421	2	1	41
422	1	1	41
423	12	1	41
424	11	1	41
425	10	1	41
426	11	2	42
427	10	1	41
428	9	1	41
429	8	1	41
430	7	1	41
431	6	1	41
432	5	1	41
433	4	1	41
434	3	1	41
435	4	2	42
436	3	1	41
437	2	1	41
438	1	1	41
439	12	1	41
440	11	1	41
441	10	1	41
442	9	1	41
443	8	1	41
444	7	1	41
445	6	1	41
446	5	1	41
447	4	1	41
448	3	1	41
449	2	1	41
450	1	1	41
451	2	2	42
452	1	1	41
453	12	1	41
454	11	1	41
455	10	1	41
456	9	1	41
457	8	1	41
458	7	1	41
459	6	1	41
460	5	1	41
461	4	1	41
462	3	1	41
463	2	1	41
464	1	1	41
465	12	1	41
466	11	1	41
467	10	1	41
468	9	1	41
469	10	2	42
470	9	1	41
471	8	1	41
472	7	1	41
473	6	1	41
474	7	2	42
475	6	1	41
476	5	1	41
477	4	1	41
478	3	1	41
479	2	1	41
480	3	2	42
481	2	1	41
482	1	1	41
483	12	1	41
484	11	1	41
485	10	1	41
486	9	1	41
487	8	1	41
488	7	1	41
489	6	1	41
490	5	1	41
491	4	1	41
492	3	1	41
493	2	1	41
494	1	1	41
495	2	2	42
496	1	1	41
497	12	1	41
498	11	1	41
499	10	1	41
500	11	2	42
501	10	1	41
502	9	1	41
503	8	1	41
504	7	1	41
505	6	1	41
506	5	1	41
507	4	1	41
508	3	1	41
509	2	1	41
510	1	1	41
511	2	2	42
512	1	1	41
513	12	1	41
514	11	1	41
515	10	1	41
516	9	1	41
517	8	1	41
518	9	2	42
519	8	1	41
520	7	1	41
521	6	1	41
522	5	1	41
523	4	1	41
524	3	1	41
525	2	1	41
526	1	1	41
527	12	1	41
528	11	1	41
529	12	2	42
530	11	1	41
531	10	1	41
532	9	1	41
533	8	1	41
534	7	1	41
535	6	1	41
536	5	1	41
537	4	1	41
538	3	1	41
539	4	2	42
540	3	1	41
541	2	1	41
542	1	1	41
543	12	1	41
544	11	1	41
545	10	1	41
546	9	1	41
547	8	1	41
548	7	1	41
549	8	2	42
550	7	1	41
551	6	1	41
552	5	1	41
553	4	1	41
554	5	2	42
555	4	1	41
556	3	1	41
557	2	1	41
558	1	1	41
559	2	2	42
560	1	1	41
561	12	1	41
562	11	1	41
563	10	1	41
564	9	1	41
565	8	1	41
566	7	1	41
567	6	1	41
568	5	1	41
569	4	1	41
570	5	2	42
571	4	1	41
572	3	1	41
573	2	1	41
574	1	1	41
575	12	1	41
576	11	1	41
577	10	1	41
578	9	1	41
579	8	1	41
580	7	1	41
581	8	2	42
582	7	1	41
583	6	1	41
584	5	1	41
585	4	1	41
586	3	1	41
587	2	1	41
588	1	1	41
589	12	1	41
590	11	1	41
591	10	1	41
592	9	1	41
593	8	1	41
594	7	1	41
595	6	1	41
596	5	1	41
597	4	1	41
598	3	1	41
599	2	1	41
600	1	1	41
601	12	1	41
602	11	1	41
603	10	1	41
604	9	1	41
605	8	1	41
606	7	1	41
607	6	1	41
608	5	1	41
609	4	1	41
610	3	1	41
611	2	1	41
612	1	1	41
613	12	1	41
614	11	1	41
615	10	1	41
616	9	1	41
617	8	1	41
618	7	1	41
619	6	1	41
620	5	1	41
621	4	1	41
622	3	1	41
623	2	1	41
624	1	1	41
625	12	1	41
626	11	1	41
627	10	1	41
628	9	1	41
629	8	1	41
630	7	1	41
631	6	1	41
632	7	2	42
633	6	1	41
634	5	1	41
635	4	1	41
636	3	1	41
637	4	2	42
638	3	1	41
639	2	1	41
640	1	1	41
641	12	1	41
642	11	1	41
643	10	1	41
644	9	1	41
645	8	1	41
646	7	1	41
647	6	1	41
648	5	1	41
649	6	2	42
650	5	1	41
651	4	1	41
652	3	1	41
653	2	1	41
654	1	1	41
655	12	1	41
656	11	1	41
657	10	1	41
658	9	1	41
659	8	1	41
660	7	1	41
661	6	1	41
662	5	1	41
663	4	1	41
664	3	1	41
665	4	2	42
666	3	1	41
667	2	1	41
668	1	1	41
669	12	1	41
670	11	1	41
671	10	1	41
672	9	1	41
673	8	1	41
674	9	2	42
675	8	1	41
676	7	1	41
677	6	1	41
678	7	2	42
679	6	1	41
680	5	1	41
681	4	1	41
682	3	1	41
683	2	1	41
684	3	2	42
685	2	1	41
686	1	1	41
687	12	1	41
688	11	1	41
689	10	1	41
690	9	1	41
691	8	1	41
692	7	1	41
693	6	1	41
694	5	1	41
695	4	1	41
696	3	1	41
697	2	1	41
698	1	1	41
699	12	1	41
700	11	1	41
701	10	1	41
702	9	1	41
703	8	1	41
704	7	1	41
705	6	1	41
706	5	1	41
707	4	1	41
708	3	1	41
709	2	1	41
710	1	1	41
711	12	1	41
712	11	1	41
713	10	1	41
714	9	1	41
715	8	1	41
716	9	2	42
717	8	1	41
718	7	1	41
719	6	1	41
720	5	1	41
721	4	1	41
722	3	1	41
723	2	1	41
724	1	1	41
725	12	1	41
726	11	1	41
727	10	1	41
728	9	1	41
729	8	1	41
730	7	1	41
731	6	1	41
732	5	1	41
733	4	1	41
734	3	1	41
735	2	1	41
736	3	2	42
737	2	1	41
738	1	1	41
739	12	1	41
740	11	1	41
741	10	1	41
742	9	1	41
743	8	1	41
744	7	1	41
745	6	1	41
746	5	1	41
747	4	1	41
748	3	1	41
749	2	1	41
750	1	1	41
751	12	1	41
752	11	1	41
753	10	1	41
754	9	1	41
755	8	1	41
756	7	1	41
757	6	1	41
758	5	1	41
759	6	2	42
760	5	1	41
761	4	1	41
762	3	1	41
763	2	1	41
764	1	1	41
765	12	1	41
766	11	1	41
767	10	1	41
768	9	1	41
769	8	1	41
770	7	1	41
771	6	1	41
772	5	1	41
773	4	1	41
774	3	1	41
775	2	1	41
776	1	1	41
777	12	1	41
778	11	1	41
779	10	1	41
780	9	1	41
781	8	1	41
782	7	1	41
783	8	2	42
784	7	1	41
785	6	1	41
786	5	1	41
787	6	2	42
788	5	1	41
789	4	1	41
790	3	1	41
791	2	1	41
792	3	2	42
793	2	1	41
794	1	1	41
795	12	1	41
796	11	1	41
797	10	1	41
798	9	1	41
799	8	1	41
800	7	1	41
801	6	1	41
802	5	1	41
803	4	1	41
804	3	1	41
805	2	1	41
806	1	1	41
807	12	1	41
808	11	1	41
809	10	1	41
810	11	2	42
811	10	1	41
812	9	1	41
813	8	1	41
814	7	1	41
815	6	1	41
816	5	1	41
817	4	1	41
818	5	2	42
819	4	1	41
820	3	1	41
