1	12	1	21
2	11	1	21
3	10	1	21
4	9	1	21
5	8	1	21
6	7	1	21
7	6	1	21
8	5	1	21
9	4	1	21
10	3	1	21
11	2	1	21
12	1	1	21
13	12	1	21
14	11	1	21
15	10	1	21
16	9	1	21
17	8	1	21
18	7	1	21
19	6	1	21
20	7	2	22
21	6	1	21
22	5	1	21
23	4	1	21
24	3	1	21
25	2	1	21
26	1	1	21
27	12	1	21
28	11	1	21
29	10	1	21
30	9	1	21
31	10	2	22
32	9	1	21
33	8	1	21
34	7	1	21
35	6	1	21
36	5	1	21
37	4	1	21
38	3	1	21
39	2	1	21
40	1	1	21
41	12	1	21
42	11	1	21
43	10	1	21
44	11	2	22
45	10	1	21
46	9	1	21
47	8	1	21
48	7	1	21
49	6	1	21
50	5	1	21
51	4	1	21
52	3	1	21
53	2	1	21
54	3	2	22
55	2	1	21
56	1	1	21
57	12	1	21
58	11	1	21
59	10	1	21
60	9	1	21
61	8	1	21
62	7	1	21
63	6	1	21
64	5	1	21
65	4	1	21
66	3	1	21
67	2	1	21
68	1	1	21
69	12	1	21
70	11	1	21
71	10	1	21
72	9	1	21
73	10	2	22
74	9	1	21
75	8	1	21
76	7	1	21
77	6	1	21
78	5	1	21
79	4	1	21
80	3	1	21
81	2	1	21
82	1	1	21
83	12	1	21
84	1	2	22
85	12	1	21
86	11	1	21
87	10	1	21
88	9	1	21
89	8	1	21
90	7	1	21
91	6	1	21
92	5	1	21
93	4	1	21
94	3	1	21
95	4	2	22
96	3	1	21
97	2	1	21
98	1	1	21
99	12	1	21
100	11	1	21
101	12	2	22
102	11	1	21
103	10	1	21
104	9	1	21
105	8	1	21
106	7	1	21
107	6	1	21
108	5	1	21
109	4	1	21
110	5	2	22
111	4	1	21
112	3	1	21
113	2	1	21
114	1	1	21
115	12	1	21
116	11	1	21
117	10	1	21
118	9	1	21
119	8	1	21
120	7	1	21
121	6	1	21
122	5	1	21
123	4	1	21
124	3	1	21
125	2	1	21
126	1	1	21
127	2	2	22
128	1	1	21
129	12	1	21
130	11	1	21
131	10	1	21
132	9	1	21
133	8	1	21
134	7	1	21
135	6	1	21
136	5	1	21
137	4	1	21
138	3	1	21
139	2	1	21
140	1	1	21
141	12	1	21
142	1	2	22
143	12	1	21
144	11	1	21
145	10	1	21
146	9	1	21
147	8	1	21
148	7	1	21
149	6	1	21
150	5	1	21
151	4	1	21
152	3	1	21
153	4	2	22
154	3	1	21
155	2	1	21
156	1	1	21
157	12	1	21
158	11	1	21
159	10	1	21
160	9	1	21
161	10	2	22
162	9	1	21
163	8	1	21
164	7	1	21
165	6	1	21
166	5	1	21
167	4	1	21
168	3	1	21
169	2	1	21
170	3	2	22
171	2	1	21
172	1	1	21
173	12	1	21
174	11	1	21
175	10	1	21
176	9	1	21
177	8	1	21
178	7	1	21
179	6	1	21
180	5	1	21
181	4	1	21
182	3	1	21
183	4	2	22
184	3	1	21
185	2	1	21
186	1	1	21
187	12	1	21
188	11	1	21
189	10	1	21
190	9	1	21
191	8	1	21
192	7	1	21
193	8	2	22
194	7	1	21
195	6	1	21
196	5	1	21
197	6	2	22
198	5	1	21
199	4	1	21
200	3	1	21
201	2	1	21
202	1	1	21
203	12	1	21
204	11	1	21
205	10	1	21
206	9	1	21
207	8	1	21
208	7	1	21
209	6	1	21
210	5	1	21
211	4	1	21
212	3	1	21
213	2	1	21
214	1	1	21
215	2	2	22
216	1	1	21
217	12	1	21
218	11	1	21
219	10	1	21
220	9	1	21
221	8	1	21
222	7	1	21
223	8	2	22
224	7	1	21
225	6	1	21
226	5	1	21
227	4	1	21
228	3	1	21
229	2	1	21
230	1	1	21
231	12	1	21
232	11	1	21
233	10	1	21
234	9	1	21
235	10	2	22
236	9	1	21
237	8	1	21
238	7	1	21
239	6	1	21
240	5	1	21
241	4	1	21
242	3	1	21
243	4	2	22
244	3	1	21
245	2	1	21
246	1	1	21
247	12	1	21
248	1	2	22
249	12	1	21
250	11	1	21
251	10	1	21
252	9	1	21
253	8	1	21
254	7	1	21
255	6	1	21
256	5	1	21
257	4	1	21
258	3	1	21
259	2	1	21
260	1	1	21
261	12	1	21
262	11	1	21
263	12	2	22
264	11	1	21
265	10	1	21
266	9	1	21
267	8	1	21
268	7	1	21
269	8	2	22
270	7	1	21
271	6	1	21
272	5	1	21
273	4	1	21
274	3	1	21
275	2	1	21
276	3	2	22
277	2	1	21
278	1	1	21
279	12	1	21
280	11	1	21
281	10	1	21
282	9	1	21
283	8	1	21
284	7	1	21
285	6	1	21
286	5	1	21
287	4	1	21
288	5	2	22
289	4	1	21
290	3	1	21
291	2	1	21
292	1	1	21
293	12	1	21
294	11	1	21
295	10	1	21
296	9	1	21
297	10	2	22
298	9	1	21
299	8	1	21
300	7	1	21
301	6	1	21
302	5	1	21
303	4	1	21
304	3	1	21
305	2	1	21
306	1	1	21
307	12	1	21
308	11	1	21
309	10	1	21
310	11	2	22
311	10	1	21
312	9	1	21
313	8	1	21
314	7	1	21
315	8	2	22
316	7	1	21
317	6	1	21
318	5	1	21
319	6	2	22
320	5	1	21
321	4	1	21
322	3	1	21
323	2	1	21
324	1	1	21
325	12	1	21
326	11	1	21
327	10	1	21
328	9	1	21
329	8	1	21
330	7	1	21
331	6	1	21
332	5	1	21
333	4	1	21
334	3	1	21
335	2	1	21
336	1	1	21
337	12	1	21
338	11	1	21
339	12	2	22
340	11	1	21
341	10	1	21
342	9	1	21
343	8	1	21
344	7	1	21
345	6	1	21
346	5	1	21
347	4	1	21
348	3	1	21
349	2	1	21
350	1	1	21
351	12	1	21
352	11	1	21
353	10	1	21
354	9	1	21
355	8	1	21
356	7	1	21
357	6	1	21
358	5	1	21
359	4	1	21
360	3	1	21
361	2	1	21
362	1	1	21
363	2	2	22
364	1	1	21
365	12	1	21
366	11	1	21
367	10	1	21
368	9	1	21
369	8	1	21
370	7	1	21
371	6	1	21
372	5	1	21
373	4	1	21
374	3	1	21
375	4	2	22
376	3	1	21
377	2	1	21
378	1	1	21
379	12	1	21
380	11	1	21
381	10	1	21
382	9	1	21
383	8	1	21
384	7	1	21
385	6	1	21
386	5	1	21
387	4	1	21
388	5	2	22
389	4	1	21
390	3	1	21
391	2	1	21
392	1	1	21
393	12	1	21
394	1	2	22
395	12	1	21
396	11	1	21
397	10	1	21
398	9	1	21
399	8	1	21
400	7	1	21
401	8	2	22
402	7	1	21
403	6	1	21
404	5	1	21
405	4	1	21
406	3	1	21
407	2	1	21
408	1	1	21
409	12	1	21
410	11	1	21
411	10	1	21
412	9	1	21
413	8	1	21
414	7	1	21
415	6	1	21
416	5	1	21
417	4	1	21
418	5	2	22
419	4	1	21
420	3	1	21
421	2	1	21
422	1	1	21
423	12	1	21
424	11	1	21
425	12	2	22
426	11	1	21
427	10	1	21
428	9	1	21
429	8	1	21
430	7	1	21
431	6	1	21
432	5	1	21
433	6	2	22
434	5	1	21
435	4	1	21
436	3	1	21
437	4	2	22
438	3	1	21
439	2	1	21
440	1	1	21
441	12	1	21
442	11	1	21
443	10	1	21
444	9	1	21
445	8	1	21
446	7	1	21
447	6	1	21
448	7	2	22
449	6	1	21
450	5	1	21
451	4	1	21
452	3	1	21
453	2	1	21
454	1	1	21
455	12	1	21
456	11	1	21
457	10	1	21
458	9	1	21
459	8	1	21
460	9	2	22
461	8	1	21
462	7	1	21
463	6	1	21
464	5	1	21
465	4	1	21
466	3	1	21
467	2	1	21
468	1	1	21
469	12	1	21
470	11	1	21
471	12	2	22
472	11	1	21
473	10	1	21
474	9	1	21
475	8	1	21
476	9	2	22
477	8	1	21
478	7	1	21
479	6	1	21
480	5	1	21
481	4	1	21
482	5	2	22
483	4	1	21
484	3	1	21
485	2	1	21
486	1	1	21
487	12	1	21
488	11	1	21
489	10	1	21
490	9	1	21
491	8	1	21
492	7	1	21
493	6	1	21
494	5	1	21
495	4	1	21
496	3	1	21
497	2	1	21
498	1	1	21
499	12	1	21
500	11	1	21
501	10	1	21
502	9	1	21
503	8	1	21
504	9	2	22
505	8	1	21
506	7	1	21
507	6	1	21
508	7	2	22
509	6	1	21
510	5	1	21
511	4	1	21
512	3	1	21
513	2	1	21
514	1	1	21
515	2	2	22
516	1	1	21
517	12	1	21
518	11	1	21
519	10	1	21
520	9	1	21
521	8	1	21
522	7	1	21
523	6	1	21
524	5	1	21
525	4	1	21
526	3	1	21
527	2	1	21
528	1	1	21
529	12	1	21
530	11	1	21
531	10	1	21
532	11	2	22
533	10	1	21
534	9	1	21
535	8	1	21
536	7	1	21
537	6	1	21
538	5	1	21
539	6	2	22
540	5	1	21
541	4	1	21
542	3	1	21
543	2	1	21
544	1	1	21
545	12	1	21
546	11	1	21
547	10	1	21
548	9	1	21
549	8	1	21
550	7	1	21
551	6	1	21
552	5	1	21
553	4	1	21
554	3	1	21
555	2	1	21
556	1	1	21
557	12	1	21
558	1	2	22
559	12	1	21
560	11	1	21
561	10	1	21
562	9	1	21
563	8	1	21
564	9	2	22
565	8	1	21
566	7	1	21
567	6	1	21
568	5	1	21
569	4	1	21
570	3	1	21
571	2	1	21
572	1	1	21
573	12	1	21
574	11	1	21
575	12	2	22
576	11	1	21
577	10	1	21
578	9	1	21
579	8	1	21
580	7	1	21
581	6	1	21
582	5	1	21
583	4	1	21
584	3	1	21
585	2	1	21
586	1	1	21
587	12	1	21
588	11	1	21
589	10	1	21
590	9	1	21
591	8	1	21
592	7	1	21
593	6	1	21
594	5	1	21
595	4	1	21
596	3	1	21
597	2	1	21
598	1	1	21
599	12	1	21
600	11	1	21
601	10	1	21
602	9	1	21
603	8	1	21
604	7	1	21
605	8	2	22
606	7	1	21
607	6	1	21
608	5	1	21
609	4	1	21
610	3	1	21
611	2	1	21
612	1	1	21
613	12	1	21
614	11	1	21
615	10	1	21
616	9	1	21
617	8	1	21
618	7	1	21
619	6	1	21
620	5	1	21
621	4	1	21
622	3	1	21
623	2	1	21
624	1	1	21
625	12	1	21
626	11	1	21
627	10	1	21
628	11	2	22
629	10	1	21
630	9	1	21
631	8	1	21
632	7	1	21
633	6	1	21
634	5	1	21
635	4	1	21
636	3	1	21
637	2	1	21
638	1	1	21
639	12	1	21
640	11	1	21
641	10	1	21
642	9	1	21
643	8	1	21
644	7	1	21
645	6	1	21
646	5	1	21
647	4	1	21
648	3	1	21
649	2	1	21
650	1	1	21
651	12	1	21
652	1	2	22
653	12	1	21
654	11	1	21
655	10	1	21
656	9	1	21
657	8	1	21
658	7	1	21
659	6	1	21
660	5	1	21
661	4	1	21
662	3	1	21
663	2	1	21
664	3	2	22
665	2	1	21
666	1	1	21
667	12	1	21
668	11	1	21
669	10	1	21
670	9	1	21
671	8	1	21
672	7	1	21
673	6	1	21
674	5	1	21
675	4	1	21
676	3	1	21
677	2	1	21
678	1	1	21
679	2	2	22
680	1	1	21
681	12	1	21
682	11	1	21
683	10	1	21
684	9	1	21
685	8	1	21
686	7	1	21
687	6	1	21
688	7	2	22
689	6	1	21
690	5	1	21
691	4	1	21
692	3	1	21
693	2	1	21
694	1	1	21
695	12	1	21
696	11	1	21
697	10	1	21
698	9	1	21
699	8	1	21
700	9	2	22
701	8	1	21
702	7	1	21
703	6	1	21
704	7	2	22
705	6	1	21
706	5	1	21
707	4	1	21
708	3	1	21
709	2	1	21
710	3	2	22
711	2	1	21
712	1	1	21
713	12	1	21
714	11	1	21
715	10	1	21
716	11	2	22
717	10	1	21
718	9	1	21
719	8	1	21
720	7	1	21
721	6	1	21
722	5	1	21
723	4	1	21
724	3	1	21
725	2	1	21
726	1	1	21
727	12	1	21
728	11	1	21
729	10	1	21
730	9	1	21
731	8	1	21
732	7	1	21
733	6	1	21
734	7	2	22
735	6	1	21
736	5	1	21
737	4	1	21
738	3	1	21
739	2	1	21
740	1	1	21
741	12	1	21
742	11	1	21
743	10	1	21
744	9	1	21
745	10	2	22
746	9	1	21
747	8	1	21
748	7	1	21
749	6	1	21
750	5	1	21
751	4	1	21
752	3	1	21
753	2	1	21
754	3	2	22
755	2	1	21
756	1	1	21
757	12	1	21
758	11	1	21
759	10	1	21
760	9	1	21
761	8	1	21
762	9	2	22
763	8	1	21
764	7	1	21
765	6	1	21
766	5	1	21
767	4	1	21
768	5	2	22
769	4	1	21
770	3	1	21
771	2	1	21
772	1	1	21
773	2	2	22
774	1	1	21
775	12	1	21
776	11	1	21
777	10	1	21
778	9	1	21
779	8	1	21
780	7	1	21
781	8	2	22
782	7	1	21
783	6	1	21
784	5	1	21
785	6	2	22
786	5	1	21
787	4	1	21
788	3	1	21
789	2	1	21
790	1	1	21
791	12	1	21
792	11	1	21
793	10	1	21
794	9	1	21
795	8	1	21
796	7	1	21
797	6	1	21
798	5	1	21
799	6	2	22
800	5	1	21
801	4	1	21
802	3	1	21
803	2	1	21
804	1	1	21
805	2	2	22
806	1	1	21
807	12	1	21
808	11	1	21
809	10	1	21
810	11	2	22
811	10	1	21
812	9	1	21
813	8	1	21
814	7	1	21
815	6	1	21
816	5	1	21
817	4	1	21
818	5	2	22
819	4	1	21
820	3	1	21
