1	12	1	21
2	11	1	21
3	10	1	21
4	9	1	21
5	8	1	21
6	7	1	21
7	8	2	22
8	7	1	21
9	6	1	21
10	5	1	21
11	4	1	21
12	3	1	21
13	2	1	21
14	1	1	21
15	12	1	21
16	11	1	21
17	10	1	21
18	9	1	21
19	8	1	21
20	7	1	21
21	8	2	22
22	7	1	21
23	6	1	21
24	5	1	21
25	4	1	21
26	3	1	21
27	2	1	21
28	1	1	21
29	12	1	21
30	11	1	21
31	10	1	21
32	9	1	21
33	10	2	22
34	9	1	21
35	8	1	21
36	7	1	21
37	6	1	21
38	5	1	21
39	4	1	21
40	3	1	21
41	2	1	21
42	1	1	21
43	12	1	21
44	11	1	21
45	12	2	22
46	11	1	21
47	10	1	21
48	9	1	21
49	8	1	21
50	9	2	22
51	8	1	21
52	7	1	21
53	6	1	21
54	5	1	21
55	4	1	21
56	3	1	21
57	2	1	21
58	1	1	21
59	12	1	21
60	11	1	21
61	10	1	21
62	9	1	21
63	8	1	21
64	7	1	21
65	6	1	21
66	5	1	21
67	4	1	21
68	3	1	21
69	2	1	21
70	1	1	21
71	12	1	21
72	11	1	21
73	10	1	21
74	11	2	22
75	10	1	21
76	9	1	21
77	8	1	21
78	7	1	21
79	6	1	21
80	5	1	21
81	6	2	22
82	5	1	21
83	4	1	21
84	3	1	21
85	2	1	21
86	1	1	21
87	12	1	21
88	11	1	21
89	10	1	21
90	9	1	21
91	8	1	21
92	7	1	21
93	6	1	21
94	5	1	21
95	4	1	21
96	3	1	21
97	2	1	21
98	1	1	21
99	12	1	21
100	11	1	21
101	10	1	21
102	9	1	21
103	8	1	21
104	7	1	21
105	6	1	21
106	5	1	21
107	4	1	21
108	3	1	21
109	4	2	22
110	3	1	21
111	2	1	21
112	1	1	21
113	12	1	21
114	11	1	21
115	10	1	21
116	9	1	21
117	8	1	21
118	7	1	21
119	6	1	21
120	5	1	21
121	4	1	21
122	3	1	21
123	4	2	22
124	3	1	21
125	2	1	21
126	1	1	21
127	12	1	21
128	11	1	21
129	10	1	21
130	9	1	21
131	10	2	22
132	9	1	21
133	8	1	21
134	7	1	21
135	6	1	21
136	5	1	21
137	4	1	21
138	3	1	21
139	2	1	21
140	1	1	21
141	12	1	21
142	11	1	21
143	10	1	21
144	9	1	21
145	8	1	21
146	7	1	21
147	6	1	21
148	5	1	21
149	4	1	21
150	3	1	21
151	2	1	21
152	1	1	21
153	12	1	21
154	11	1	21
155	10	1	21
156	9	1	21
157	8	1	21
158	7	1	21
159	8	2	22
160	7	1	21
161	6	1	21
162	5	1	21
163	6	2	22
164	5	1	21
165	4	1	21
166	3	1	21
167	2	1	21
168	1	1	21
169	12	1	21
170	11	1	21
171	10	1	21
172	9	1	21
173	8	1	21
174	7	1	21
175	6	1	21
176	5	1	21
177	4	1	21
178	3	1	21
179	2	1	21
180	3	2	22
181	2	1	21
182	1	1	21
183	12	1	21
184	1	2	22
185	12	1	21
186	11	1	21
187	10	1	21
188	9	1	21
189	10	2	22
190	9	1	21
191	8	1	21
192	7	1	21
193	6	1	21
194	5	1	21
195	4	1	21
196	3	1	21
197	2	1	21
198	1	1	21
199	2	2	22
200	1	1	21
201	12	1	21
202	11	1	21
203	10	1	21
204	9	1	21
205	8	1	21
206	7	1	21
207	6	1	21
208	5	1	21
209	4	1	21
210	3	1	21
211	2	1	21
212	1	1	21
213	2	2	22
214	1	1	21
215	12	1	21
216	11	1	21
217	10	1	21
218	9	1	21
219	8	1	21
220	7	1	21
221	6	1	21
222	5	1	21
223	4	1	21
224	5	2	22
225	4	1	21
226	3	1	21
227	2	1	21
228	3	2	22
229	2	1	21
230	1	1	21
231	12	1	21
232	11	1	21
233	10	1	21
234	9	1	21
235	8	1	21
236	7	1	21
237	6	1	21
238	5	1	21
239	4	1	21
240	3	1	21
241	2	1	21
242	1	1	21
243	12	1	21
244	11	1	21
245	10	1	21
246	9	1	21
247	8	1	21
248	7	1	21
249	6	1	21
250	5	1	21
251	4	1	21
252	3	1	21
253	2	1	21
254	1	1	21
255	12	1	21
256	11	1	21
257	10	1	21
258	9	1	21
259	8	1	21
260	7	1	21
261	6	1	21
262	5	1	21
263	6	2	22
264	5	1	21
265	4	1	21
266	3	1	21
267	2	1	21
268	1	1	21
269	12	1	21
270	11	1	21
271	10	1	21
272	9	1	21
273	8	1	21
274	7	1	21
275	6	1	21
276	5	1	21
277	6	2	22
278	5	1	21
279	4	1	21
280	3	1	21
281	2	1	21
282	1	1	21
283	12	1	21
284	11	1	21
285	10	1	21
286	9	1	21
287	8	1	21
288	7	1	21
289	6	1	21
290	5	1	21
291	4	1	21
292	3	1	21
293	2	1	21
294	1	1	21
295	12	1	21
296	11	1	21
297	10	1	21
298	9	1	21
299	8	1	21
300	7	1	21
301	8	2	22
302	7	1	21
303	6	1	21
304	5	1	21
305	4	1	21
306	3	1	21
307	4	2	22
308	3	1	21
309	2	1	21
310	1	1	21
311	12	1	21
312	1	2	22
313	12	1	21
314	11	1	21
315	10	1	21
316	11	2	22
317	10	1	21
318	9	1	21
319	8	1	21
320	7	1	21
321	6	1	21
322	5	1	21
323	4	1	21
324	3	1	21
325	4	2	22
326	3	1	21
327	2	1	21
328	1	1	21
329	2	2	22
330	1	1	21
331	12	1	21
332	11	1	21
333	10	1	21
334	11	2	22
335	10	1	21
336	9	1	21
337	8	1	21
338	7	1	21
339	6	1	21
340	5	1	21
341	4	1	21
342	3	1	21
343	2	1	21
344	1	1	21
345	12	1	21
346	11	1	21
347	10	1	21
348	9	1	21
349	8	1	21
350	7	1	21
351	6	1	21
352	7	2	22
353	6	1	21
354	5	1	21
355	4	1	21
356	5	2	22
357	4	1	21
358	3	1	21
359	2	1	21
360	1	1	21
361	12	1	21
362	11	1	21
363	10	1	21
364	9	1	21
365	8	1	21
366	7	1	21
367	6	1	21
368	5	1	21
369	4	1	21
370	3	1	21
371	2	1	21
372	1	1	21
373	2	2	22
374	1	1	21
375	12	1	21
376	11	1	21
377	12	2	22
378	11	1	21
379	10	1	21
380	9	1	21
381	8	1	21
382	7	1	21
383	6	1	21
384	5	1	21
385	4	1	21
386	3	1	21
387	2	1	21
388	1	1	21
389	12	1	21
390	11	1	21
391	10	1	21
392	9	1	21
393	8	1	21
394	7	1	21
395	6	1	21
396	5	1	21
397	4	1	21
398	5	2	22
399	4	1	21
400	3	1	21
401	2	1	21
402	1	1	21
403	12	1	21
404	11	1	21
405	12	2	22
406	11	1	21
407	10	1	21
408	9	1	21
409	8	1	21
410	7	1	21
411	6	1	21
412	7	2	22
413	6	1	21
414	5	1	21
415	4	1	21
416	3	1	21
417	4	2	22
418	3	1	21
419	2	1	21
420	1	1	21
421	12	1	21
422	11	1	21
423	10	1	21
424	9	1	21
425	8	1	21
426	9	2	22
427	8	1	21
428	7	1	21
429	6	1	21
430	5	1	21
431	4	1	21
432	5	2	22
433	4	1	21
434	3	1	21
435	2	1	21
436	1	1	21
437	2	2	22
438	1	1	21
439	12	1	21
440	11	1	21
441	10	1	21
442	9	1	21
443	8	1	21
444	9	2	22
445	8	1	21
446	7	1	21
447	6	1	21
448	5	1	21
449	4	1	21
450	3	1	21
451	2	1	21
452	1	1	21
453	12	1	21
454	1	2	22
455	12	1	21
456	11	1	21
457	10	1	21
458	9	1	21
459	8	1	21
460	7	1	21
461	6	1	21
462	5	1	21
463	4	1	21
464	3	1	21
465	4	2	22
466	3	1	21
467	2	1	21
468	1	1	21
469	12	1	21
470	11	1	21
471	12	2	22
472	11	1	21
473	10	1	21
474	9	1	21
475	8	1	21
476	7	1	21
477	6	1	21
478	5	1	21
479	4	1	21
480	3	1	21
481	2	1	21
482	1	1	21
483	12	1	21
484	11	1	21
485	10	1	21
486	9	1	21
487	8	1	21
488	7	1	21
489	6	1	21
490	5	1	21
491	4	1	21
492	3	1	21
493	2	1	21
494	1	1	21
495	12	1	21
496	11	1	21
497	10	1	21
498	9	1	21
499	8	1	21
500	7	1	21
501	6	1	21
502	5	1	21
503	6	2	22
504	5	1	21
505	4	1	21
506	3	1	21
507	2	1	21
508	1	1	21
509	12	1	21
510	1	2	22
511	12	1	21
512	11	1	21
513	10	1	21
514	9	1	21
515	10	2	22
516	9	1	21
517	8	1	21
518	7	1	21
519	6	1	21
520	5	1	21
521	4	1	21
522	3	1	21
523	2	1	21
524	1	1	21
525	12	1	21
526	11	1	21
527	10	1	21
528	9	1	21
529	8	1	21
530	7	1	21
531	6	1	21
532	5	1	21
533	4	1	21
534	3	1	21
535	2	1	21
536	1	1	21
537	12	1	21
538	1	2	22
539	12	1	21
540	11	1	21
541	10	1	21
542	11	2	22
543	10	1	21
544	9	1	21
545	8	1	21
546	7	1	21
547	6	1	21
548	7	2	22
549	6	1	21
550	5	1	21
551	4	1	21
552	3	1	21
553	2	1	21
554	1	1	21
555	12	1	21
556	11	1	21
557	10	1	21
558	9	1	21
559	8	1	21
560	7	1	21
561	6	1	21
562	5	1	21
563	4	1	21
564	3	1	21
565	2	1	21
566	1	1	21
567	12	1	21
568	11	1	21
569	12	2	22
570	11	1	21
571	10	1	21
572	9	1	21
573	8	1	21
574	7	1	21
575	6	1	21
576	7	2	22
577	6	1	21
578	5	1	21
579	4	1	21
580	3	1	21
581	2	1	21
582	3	2	22
583	2	1	21
584	1	1	21
585	12	1	21
586	11	1	21
587	10	1	21
588	9	1	21
589	8	1	21
590	7	1	21
591	8	2	22
592	7	1	21
593	6	1	21
594	5	1	21
595	4	1	21
596	3	1	21
597	2	1	21
598	1	1	21
599	12	1	21
600	11	1	21
601	10	1	21
602	11	2	22
603	10	1	21
604	9	1	21
605	8	1	21
606	9	2	22
607	8	1	21
608	7	1	21
609	6	1	21
610	5	1	21
611	4	1	21
612	5	2	22
613	4	1	21
614	3	1	21
615	2	1	21
616	1	1	21
617	2	2	22
618	1	1	21
619	12	1	21
620	11	1	21
621	10	1	21
622	9	1	21
623	8	1	21
624	7	1	21
625	6	1	21
626	5	1	21
627	4	1	21
628	3	1	21
629	2	1	21
630	1	1	21
631	12	1	21
632	1	2	22
633	12	1	21
634	11	1	21
635	10	1	21
636	9	1	21
637	8	1	21
638	7	1	21
639	6	1	21
640	7	2	22
641	6	1	21
642	5	1	21
643	4	1	21
644	3	1	21
645	2	1	21
646	1	1	21
647	12	1	21
648	11	1	21
649	10	1	21
650	9	1	21
651	8	1	21
652	7	1	21
653	8	2	22
654	7	1	21
655	6	1	21
656	5	1	21
657	4	1	21
658	3	1	21
659	2	1	21
660	3	2	22
661	2	1	21
662	1	1	21
663	12	1	21
664	11	1	21
665	10	1	21
666	9	1	21
667	8	1	21
668	7	1	21
669	6	1	21
670	5	1	21
671	4	1	21
672	3	1	21
673	2	1	21
674	3	2	22
675	2	1	21
676	1	1	21
677	12	1	21
678	11	1	21
679	10	1	21
680	9	1	21
681	8	1	21
682	7	1	21
683	6	1	21
684	5	1	21
685	4	1	21
686	3	1	21
687	2	1	21
688	1	1	21
689	12	1	21
690	11	1	21
691	10	1	21
692	9	1	21
693	10	2	22
694	9	1	21
695	8	1	21
696	7	1	21
697	6	1	21
698	5	1	21
699	4	1	21
700	3	1	21
701	2	1	21
702	1	1	21
703	12	1	21
704	11	1	21
705	10	1	21
706	9	1	21
707	8	1	21
708	7	1	21
709	6	1	21
710	5	1	21
711	4	1	21
712	3	1	21
713	2	1	21
714	3	2	22
715	2	1	21
716	1	1	21
717	12	1	21
718	11	1	21
719	10	1	21
720	11	2	22
721	10	1	21
722	9	1	21
723	8	1	21
724	9	2	22
725	8	1	21
726	7	1	21
727	6	1	21
728	5	1	21
729	4	1	21
730	3	1	21
731	2	1	21
732	1	1	21
733	2	2	22
734	1	1	21
735	12	1	21
736	11	1	21
737	10	1	21
738	9	1	21
739	8	1	21
740	7	1	21
741	6	1	21
742	7	2	22
743	6	1	21
744	5	1	21
745	4	1	21
746	3	1	21
747	2	1	21
748	1	1	21
749	12	1	21
750	11	1	21
751	10	1	21
752	11	2	22
753	10	1	21
754	9	1	21
755	8	1	21
756	7	1	21
757	6	1	21
758	5	1	21
759	6	2	22
760	5	1	21
761	4	1	21
762	3	1	21
763	2	1	21
764	1	1	21
765	12	1	21
766	11	1	21
767	10	1	21
768	9	1	21
769	8	1	21
770	7	1	21
771	6	1	21
772	5	1	21
773	4	1	21
774	3	1	21
775	2	1	21
776	3	2	22
777	2	1	21
778	1	1	21
779	12	1	21
780	11	1	21
781	10	1	21
782	9	1	21
783	8	1	21
784	9	2	22
785	8	1	21
786	7	1	21
787	6	1	21
788	5	1	21
789	4	1	21
790	3	1	21
791	2	1	21
792	1	1	21
793	12	1	21
794	11	1	21
795	12	2	22
796	11	1	21
797	10	1	21
798	9	1	21
799	8	1	21
800	7	1	21
801	6	1	21
802	5	1	21
803	4	1	21
804	3	1	21
805	2	1	21
806	1	1	21
807	12	1	21
808	11	1	21
809	10	1	21
810	9	1	21
811	10	2	22
812	9	1	21
813	8	1	21
814	7	1	21
815	6	1	21
816	5	1	21
817	4	1	21
818	5	2	22
819	4	1	21
820	3	1	21
