1	12	1	21
2	11	1	21
3	10	1	21
4	9	1	21
5	10	2	22
6	9	1	21
7	8	1	21
8	7	1	21
9	6	1	21
10	5	1	21
11	6	2	22
12	5	1	21
13	4	1	21
14	3	1	21
15	2	1	21
16	1	1	21
17	12	1	21
18	11	1	21
19	10	1	21
20	9	1	21
21	8	1	21
22	7	1	21
23	6	1	21
24	5	1	21
25	4	1	21
26	3	1	21
27	2	1	21
28	1	1	21
29	12	1	21
30	11	1	21
31	10	1	21
32	9	1	21
33	8	1	21
34	7	1	21
35	6	1	21
36	5	1	21
37	4	1	21
38	3	1	21
39	2	1	21
40	1	1	21
41	12	1	21
42	11	1	21
43	10	1	21
44	9	1	21
45	8	1	21
46	7	1	21
47	8	2	22
48	7	1	21
49	6	1	21
50	5	1	21
51	4	1	21
52	3	1	21
53	2	1	21
54	1	1	21
55	12	1	21
56	11	1	21
57	10	1	21
58	9	1	21
59	8	1	21
60	7	1	21
61	6	1	21
62	5	1	21
63	6	2	22
64	5	1	21
65	4	1	21
66	3	1	21
67	2	1	21
68	1	1	21
69	12	1	21
70	11	1	21
71	10	1	21
72	9	1	21
73	8	1	21
74	9	2	22
75	8	1	21
76	7	1	21
77	6	1	21
78	5	1	21
79	6	2	22
80	5	1	21
81	4	1	21
82	3	1	21
83	4	2	22
84	3	1	21
85	2	1	21
86	1	1	21
87	12	1	21
88	11	1	21
89	10	1	21
90	9	1	21
91	8	1	21
92	7	1	21
93	8	2	22
94	7	1	21
95	6	1	21
96	5	1	21
97	4	1	21
98	3	1	21
99	2	1	21
100	1	1	21
101	12	1	21
102	11	1	21
103	10	1	21
104	9	1	21
105	8	1	21
106	7	1	21
107	6	1	21
108	5	1	21
109	4	1	21
110	3	1	21
111	2	1	21
112	1	1	21
113	12	1	21
114	11	1	21
115	12	2	22
116	11	1	21
117	10	1	21
118	9	1	21
119	8	1	21
120	7	1	21
121	8	2	22
122	7	1	21
123	6	1	21
124	5	1	21
125	4	1	21
126	3	1	21
127	4	2	22
128	3	1	21
129	2	1	21
130	1	1	21
131	12	1	21
132	11	1	21
133	12	2	22
134	11	1	21
135	10	1	21
136	9	1	21
137	8	1	21
138	7	1	21
139	6	1	21
140	5	1	21
141	6	2	22
142	5	1	21
143	4	1	21
144	3	1	21
145	2	1	21
146	1	1	21
147	2	2	22
148	1	1	21
149	12	1	21
150	11	1	21
151	12	2	22
152	11	1	21
153	10	1	21
154	9	1	21
155	10	2	22
156	9	1	21
157	8	1	21
158	7	1	21
159	6	1	21
160	5	1	21
161	4	1	21
162	5	2	22
163	4	1	21
164	3	1	21
165	2	1	21
166	1	1	21
167	12	1	21
168	11	1	21
169	10	1	21
170	9	1	21
171	8	1	21
172	7	1	21
173	6	1	21
174	7	2	22
175	6	1	21
176	5	1	21
177	4	1	21
178	3	1	21
179	2	1	21
180	1	1	21
181	12	1	21
182	1	2	22
183	12	1	21
184	11	1	21
185	10	1	21
186	9	1	21
187	8	1	21
188	7	1	21
189	6	1	21
190	5	1	21
191	6	2	22
192	5	1	21
193	4	1	21
194	3	1	21
195	2	1	21
196	1	1	21
197	12	1	21
198	11	1	21
199	10	1	21
200	9	1	21
201	8	1	21
202	9	2	22
203	8	1	21
204	7	1	21
205	6	1	21
206	5	1	21
207	4	1	21
208	3	1	21
209	2	1	21
210	1	1	21
211	12	1	21
212	11	1	21
213	10	1	21
214	9	1	21
215	8	1	21
216	9	2	22
217	8	1	21
218	7	1	21
219	6	1	21
220	7	2	22
221	6	1	21
222	5	1	21
223	4	1	21
224	3	1	21
225	2	1	21
226	1	1	21
227	12	1	21
228	11	1	21
229	10	1	21
230	9	1	21
231	8	1	21
232	7	1	21
233	6	1	21
234	5	1	21
235	4	1	21
236	3	1	21
237	2	1	21
238	1	1	21
239	12	1	21
240	1	2	22
241	12	1	21
242	11	1	21
243	10	1	21
244	9	1	21
245	8	1	21
246	7	1	21
247	6	1	21
248	5	1	21
249	4	1	21
250	5	2	22
251	4	1	21
252	3	1	21
253	2	1	21
254	1	1	21
255	12	1	21
256	11	1	21
257	10	1	21
258	9	1	21
259	8	1	21
260	9	2	22
261	8	1	21
262	7	1	21
263	6	1	21
264	5	1	21
265	4	1	21
266	3	1	21
267	2	1	21
268	1	1	21
269	2	2	22
270	1	1	21
271	12	1	21
272	11	1	21
273	10	1	21
274	9	1	21
275	8	1	21
276	7	1	21
277	6	1	21
278	5	1	21
279	4	1	21
280	3	1	21
281	2	1	21
282	1	1	21
283	12	1	21
284	11	1	21
285	10	1	21
286	9	1	21
287	8	1	21
288	7	1	21
289	6	1	21
290	5	1	21
291	4	1	21
292	3	1	21
293	2	1	21
294	1	1	21
295	12	1	21
296	1	2	22
297	12	1	21
298	11	1	21
299	10	1	21
300	9	1	21
301	8	1	21
302	7	1	21
303	6	1	21
304	5	1	21
305	4	1	21
306	3	1	21
307	4	2	22
308	3	1	21
309	2	1	21
310	1	1	21
311	12	1	21
312	11	1	21
313	10	1	21
314	9	1	21
315	8	1	21
316	7	1	21
317	6	1	21
318	5	1	21
319	4	1	21
320	3	1	21
321	2	1	21
322	1	1	21
323	12	1	21
324	11	1	21
325	10	1	21
326	9	1	21
327	8	1	21
328	7	1	21
329	6	1	21
330	5	1	21
331	4	1	21
332	3	1	21
333	2	1	21
334	1	1	21
335	12	1	21
336	1	2	22
337	12	1	21
338	11	1	21
339	10	1	21
340	9	1	21
341	8	1	21
342	7	1	21
343	6	1	21
344	5	1	21
345	4	1	21
346	3	1	21
347	2	1	21
348	1	1	21
349	12	1	21
350	11	1	21
351	10	1	21
352	9	1	21
353	10	2	22
354	9	1	21
355	8	1	21
356	7	1	21
357	6	1	21
358	5	1	21
359	4	1	21
360	3	1	21
361	2	1	21
362	3	2	22
363	2	1	21
364	1	1	21
365	12	1	21
366	11	1	21
367	10	1	21
368	9	1	21
369	8	1	21
370	7	1	21
371	6	1	21
372	5	1	21
373	4	1	21
374	3	1	21
375	2	1	21
376	3	2	22
377	2	1	21
378	1	1	21
379	12	1	21
380	11	1	21
381	10	1	21
382	9	1	21
383	8	1	21
384	7	1	21
385	6	1	21
386	5	1	21
387	4	1	21
388	3	1	21
389	2	1	21
390	1	1	21
391	12	1	21
392	11	1	21
393	10	1	21
394	9	1	21
395	8	1	21
396	9	2	22
397	8	1	21
398	7	1	21
399	6	1	21
400	5	1	21
401	4	1	21
402	3	1	21
403	2	1	21
404	1	1	21
405	12	1	21
406	11	1	21
407	10	1	21
408	9	1	21
409	8	1	21
410	7	1	21
411	8	2	22
412	7	1	21
413	6	1	21
414	5	1	21
415	4	1	21
416	3	1	21
417	2	1	21
418	1	1	21
419	12	1	21
420	11	1	21
421	12	2	22
422	11	1	21
423	10	1	21
424	9	1	21
425	8	1	21
426	7	1	21
427	6	1	21
428	5	1	21
429	4	1	21
430	5	2	22
431	4	1	21
432	3	1	21
433	2	1	21
434	3	2	22
435	2	1	21
436	1	1	21
437	12	1	21
438	11	1	21
439	10	1	21
440	9	1	21
441	8	1	21
442	7	1	21
443	6	1	21
444	5	1	21
445	4	1	21
446	3	1	21
447	2	1	21
448	3	2	22
449	2	1	21
450	1	1	21
451	12	1	21
452	11	1	21
453	10	1	21
454	9	1	21
455	8	1	21
456	7	1	21
457	6	1	21
458	7	2	22
459	6	1	21
460	5	1	21
461	4	1	21
462	3	1	21
463	2	1	21
464	3	2	22
465	2	1	21
466	1	1	21
467	12	1	21
468	1	2	22
469	12	1	21
470	11	1	21
471	10	1	21
472	9	1	21
473	10	2	22
474	9	1	21
475	8	1	21
476	7	1	21
477	6	1	21
478	5	1	21
479	4	1	21
480	3	1	21
481	2	1	21
482	1	1	21
483	12	1	21
484	11	1	21
485	12	2	22
486	11	1	21
487	10	1	21
488	9	1	21
489	8	1	21
490	7	1	21
491	6	1	21
492	5	1	21
493	4	1	21
494	3	1	21
495	2	1	21
496	1	1	21
497	12	1	21
498	11	1	21
499	10	1	21
500	11	2	22
501	10	1	21
502	9	1	21
503	8	1	21
504	7	1	21
505	6	1	21
506	5	1	21
507	4	1	21
508	3	1	21
509	2	1	21
510	1	1	21
511	12	1	21
512	11	1	21
513	10	1	21
514	11	2	22
515	10	1	21
516	9	1	21
517	8	1	21
518	7	1	21
519	8	2	22
520	7	1	21
521	6	1	21
522	5	1	21
523	4	1	21
524	3	1	21
525	4	2	22
526	3	1	21
527	2	1	21
528	1	1	21
529	12	1	21
530	11	1	21
531	12	2	22
532	11	1	21
533	10	1	21
534	9	1	21
535	8	1	21
536	7	1	21
537	6	1	21
538	5	1	21
539	4	1	21
540	3	1	21
541	2	1	21
542	1	1	21
543	2	2	22
544	1	1	21
545	12	1	21
546	11	1	21
547	10	1	21
548	9	1	21
549	8	1	21
550	7	1	21
551	6	1	21
552	5	1	21
553	6	2	22
554	5	1	21
555	4	1	21
556	3	1	21
557	2	1	21
558	1	1	21
559	12	1	21
560	11	1	21
561	12	2	22
562	11	1	21
563	10	1	21
564	9	1	21
565	8	1	21
566	7	1	21
567	6	1	21
568	5	1	21
569	4	1	21
570	5	2	22
571	4	1	21
572	3	1	21
573	2	1	21
574	1	1	21
575	12	1	21
576	11	1	21
577	10	1	21
578	11	2	22
579	10	1	21
580	9	1	21
581	8	1	21
582	7	1	21
583	6	1	21
584	5	1	21
585	4	1	21
586	3	1	21
587	2	1	21
588	1	1	21
589	12	1	21
590	1	2	22
591	12	1	21
592	11	1	21
593	10	1	21
594	9	1	21
595	10	2	22
596	9	1	21
597	8	1	21
598	7	1	21
599	6	1	21
600	5	1	21
601	4	1	21
602	3	1	21
603	2	1	21
604	1	1	21
605	12	1	21
606	1	2	22
607	12	1	21
608	11	1	21
609	10	1	21
610	9	1	21
611	10	2	22
612	9	1	21
613	8	1	21
614	7	1	21
615	6	1	21
616	5	1	21
617	4	1	21
618	3	1	21
619	4	2	22
620	3	1	21
621	2	1	21
622	1	1	21
623	2	2	22
624	1	1	21
625	12	1	21
626	11	1	21
627	10	1	21
628	9	1	21
629	8	1	21
630	7	1	21
631	6	1	21
632	5	1	21
633	4	1	21
634	5	2	22
635	4	1	21
636	3	1	21
637	2	1	21
638	1	1	21
639	12	1	21
640	11	1	21
641	10	1	21
642	9	1	21
643	8	1	21
644	7	1	21
645	6	1	21
646	5	1	21
647	4	1	21
648	3	1	21
649	2	1	21
650	1	1	21
651	12	1	21
652	11	1	21
653	10	1	21
654	9	1	21
655	8	1	21
656	7	1	21
657	6	1	21
658	7	2	22
659	6	1	21
660	5	1	21
661	4	1	21
662	5	2	22
663	4	1	21
664	3	1	21
665	2	1	21
666	1	1	21
667	12	1	21
668	11	1	21
669	10	1	21
670	9	1	21
671	8	1	21
672	7	1	21
673	6	1	21
674	7	2	22
675	6	1	21
676	5	1	21
677	4	1	21
678	3	1	21
679	2	1	21
680	1	1	21
681	2	2	22
682	1	1	21
683	12	1	21
684	11	1	21
685	10	1	21
686	9	1	21
687	8	1	21
688	7	1	21
689	8	2	22
690	7	1	21
691	6	1	21
692	5	1	21
693	4	1	21
694	3	1	21
695	2	1	21
696	1	1	21
697	12	1	21
698	11	1	21
699	10	1	21
700	11	2	22
701	10	1	21
702	9	1	21
703	8	1	21
704	7	1	21
705	6	1	21
706	5	1	21
707	4	1	21
708	3	1	21
709	2	1	21
710	1	1	21
711	12	1	21
712	11	1	21
713	10	1	21
714	9	1	21
715	8	1	21
716	7	1	21
717	6	1	21
718	5	1	21
719	4	1	21
720	3	1	21
721	2	1	21
722	1	1	21
723	12	1	21
724	11	1	21
725	10	1	21
726	9	1	21
727	8	1	21
728	9	2	22
729	8	1	21
730	7	1	21
731	6	1	21
732	5	1	21
733	4	1	21
734	3	1	21
735	2	1	21
736	1	1	21
737	12	1	21
738	11	1	21
739	10	1	21
740	11	2	22
741	10	1	21
742	9	1	21
743	8	1	21
744	7	1	21
745	6	1	21
746	5	1	21
747	4	1	21
748	3	1	21
749	2	1	21
750	3	2	22
751	2	1	21
752	1	1	21
753	12	1	21
754	11	1	21
755	10	1	21
756	9	1	21
757	8	1	21
758	7	1	21
759	6	1	21
760	5	1	21
761	4	1	21
762	3	1	21
763	4	2	22
764	3	1	21
765	2	1	21
766	1	1	21
767	12	1	21
768	11	1	21
769	10	1	21
770	9	1	21
771	8	1	21
772	7	1	21
773	6	1	21
774	5	1	21
775	4	1	21
776	3	1	21
777	2	1	21
778	1	1	21
779	12	1	21
780	11	1	21
781	10	1	21
782	9	1	21
783	8	1	21
784	7	1	21
785	6	1	21
786	5	1	21
787	4	1	21
788	3	1	21
789	2	1	21
790	1	1	21
791	2	2	22
792	1	1	21
793	12	1	21
794	11	1	21
795	10	1	21
796	9	1	21
797	10	2	22
798	9	1	21
799	8	1	21
800	7	1	21
801	6	1	21
802	7	2	22
803	6	1	21
804	5	1	21
805	4	1	21
806	3	1	21
807	2	1	21
808	1	1	21
809	12	1	21
810	11	1	21
811	10	1	21
812	11	2	22
813	10	1	21
814	9	1	21
815	8	1	21
816	7	1	21
817	6	1	21
818	5	1	21
819	4	1	21
820	3	1	21
