1	12	1	21
2	11	1	21
3	10	1	21
4	9	1	21
5	10	2	22
6	9	1	21
7	8	1	21
8	7	1	21
9	6	1	21
10	5	1	21
11	4	1	21
12	3	1	21
13	2	1	21
14	1	1	21
15	12	1	21
16	1	2	22
17	12	1	21
18	11	1	21
19	10	1	21
20	9	1	21
21	8	1	21
22	7	1	21
23	6	1	21
24	5	1	21
25	4	1	21
26	3	1	21
27	2	1	21
28	1	1	21
29	12	1	21
30	11	1	21
31	10	1	21
32	9	1	21
33	8	1	21
34	9	2	22
35	8	1	21
36	7	1	21
37	6	1	21
38	7	2	22
39	6	1	21
40	5	1	21
41	4	1	21
42	3	1	21
43	2	1	21
44	1	1	21
45	12	1	21
46	11	1	21
47	10	1	21
48	9	1	21
49	10	2	22
50	9	1	21
51	8	1	21
52	7	1	21
53	6	1	21
54	5	1	21
55	4	1	21
56	3	1	21
57	2	1	21
58	1	1	21
59	12	1	21
60	11	1	21
61	12	2	22
62	11	1	21
63	10	1	21
64	9	1	21
65	8	1	21
66	7	1	21
67	6	1	21
68	5	1	21
69	6	2	22
70	5	1	21
71	4	1	21
72	3	1	21
73	2	1	21
74	3	2	22
75	2	1	21
76	1	1	21
77	12	1	21
78	11	1	21
79	10	1	21
80	9	1	21
81	10	2	22
82	9	1	21
83	8	1	21
84	7	1	21
85	6	1	21
86	5	1	21
87	4	1	21
88	3	1	21
89	2	1	21
90	1	1	21
91	2	2	22
92	1	1	21
93	12	1	21
94	11	1	21
95	10	1	21
96	9	1	21
97	8	1	21
98	7	1	21
99	6	1	21
100	5	1	21
101	4	1	21
102	5	2	22
103	4	1	21
104	3	1	21
105	2	1	21
106	1	1	21
107	12	1	21
108	11	1	21
109	10	1	21
110	9	1	21
111	8	1	21
112	7	1	21
113	8	2	22
114	7	1	21
115	6	1	21
116	5	1	21
117	4	1	21
118	3	1	21
119	2	1	21
120	1	1	21
121	2	2	22
122	1	1	21
123	12	1	21
124	11	1	21
125	10	1	21
126	9	1	21
127	8	1	21
128	7	1	21
129	6	1	21
130	5	1	21
131	4	1	21
132	3	1	21
133	2	1	21
134	1	1	21
135	12	1	21
136	11	1	21
137	12	2	22
138	11	1	21
139	10	1	21
140	9	1	21
141	8	1	21
142	7	1	21
143	6	1	21
144	5	1	21
145	4	1	21
146	5	2	22
147	4	1	21
148	3	1	21
149	2	1	21
150	1	1	21
151	12	1	21
152	11	1	21
153	10	1	21
154	9	1	21
155	8	1	21
156	7	1	21
157	6	1	21
158	5	1	21
159	4	1	21
160	3	1	21
161	2	1	21
162	1	1	21
163	12	1	21
164	11	1	21
165	10	1	21
166	9	1	21
167	8	1	21
168	7	1	21
169	6	1	21
170	5	1	21
171	4	1	21
172	3	1	21
173	2	1	21
174	1	1	21
175	12	1	21
176	11	1	21
177	10	1	21
178	11	2	22
179	10	1	21
180	9	1	21
181	8	1	21
182	7	1	21
183	6	1	21
184	5	1	21
185	6	2	22
186	5	1	21
187	4	1	21
188	3	1	21
189	4	2	22
190	3	1	21
191	2	1	21
192	1	1	21
193	12	1	21
194	11	1	21
195	10	1	21
196	9	1	21
197	8	1	21
198	7	1	21
199	6	1	21
200	5	1	21
201	4	1	21
202	3	1	21
203	2	1	21
204	3	2	22
205	2	1	21
206	1	1	21
207	12	1	21
208	11	1	21
209	10	1	21
210	9	1	21
211	8	1	21
212	7	1	21
213	8	2	22
214	7	1	21
215	6	1	21
216	5	1	21
217	4	1	21
218	3	1	21
219	4	2	22
220	3	1	21
221	2	1	21
222	1	1	21
223	12	1	21
224	11	1	21
225	10	1	21
226	9	1	21
227	8	1	21
228	7	1	21
229	6	1	21
230	5	1	21
231	4	1	21
232	3	1	21
233	4	2	22
234	3	1	21
235	2	1	21
236	1	1	21
237	12	1	21
238	11	1	21
239	10	1	21
240	9	1	21
241	8	1	21
242	7	1	21
243	6	1	21
244	5	1	21
245	6	2	22
246	5	1	21
247	4	1	21
248	3	1	21
249	2	1	21
250	1	1	21
251	12	1	21
252	11	1	21
253	10	1	21
254	9	1	21
255	8	1	21
256	7	1	21
257	6	1	21
258	7	2	22
259	6	1	21
260	5	1	21
261	4	1	21
262	5	2	22
263	4	1	21
264	3	1	21
265	2	1	21
266	1	1	21
267	12	1	21
268	11	1	21
269	10	1	21
270	9	1	21
271	8	1	21
272	7	1	21
273	6	1	21
274	5	1	21
275	4	1	21
276	3	1	21
277	2	1	21
278	1	1	21
279	12	1	21
280	11	1	21
281	10	1	21
282	9	1	21
283	8	1	21
284	7	1	21
285	6	1	21
286	5	1	21
287	6	2	22
288	5	1	21
289	4	1	21
290	3	1	21
291	2	1	21
292	1	1	21
293	2	2	22
294	1	1	21
295	12	1	21
296	11	1	21
297	12	2	22
298	11	1	21
299	10	1	21
300	9	1	21
301	8	1	21
302	7	1	21
303	6	1	21
304	5	1	21
305	4	1	21
306	3	1	21
307	2	1	21
308	3	2	22
309	2	1	21
310	1	1	21
311	12	1	21
312	11	1	21
313	10	1	21
314	11	2	22
315	10	1	21
316	9	1	21
317	8	1	21
318	9	2	22
319	8	1	21
320	7	1	21
321	6	1	21
322	5	1	21
323	4	1	21
324	3	1	21
325	2	1	21
326	1	1	21
327	12	1	21
328	11	1	21
329	10	1	21
330	9	1	21
331	8	1	21
332	7	1	21
333	6	1	21
334	5	1	21
335	4	1	21
336	3	1	21
337	4	2	22
338	3	1	21
339	2	1	21
340	1	1	21
341	12	1	21
342	11	1	21
343	10	1	21
344	9	1	21
345	10	2	22
346	9	1	21
347	8	1	21
348	7	1	21
349	6	1	21
350	5	1	21
351	4	1	21
352	3	1	21
353	2	1	21
354	1	1	21
355	12	1	21
356	1	2	22
357	12	1	21
358	11	1	21
359	10	1	21
360	9	1	21
361	8	1	21
362	7	1	21
363	6	1	21
364	5	1	21
365	4	1	21
366	3	1	21
367	2	1	21
368	1	1	21
369	12	1	21
370	11	1	21
371	12	2	22
372	11	1	21
373	10	1	21
374	9	1	21
375	8	1	21
376	7	1	21
377	6	1	21
378	5	1	21
379	4	1	21
380	3	1	21
381	2	1	21
382	1	1	21
383	12	1	21
384	11	1	21
385	10	1	21
386	9	1	21
387	8	1	21
388	7	1	21
389	6	1	21
390	5	1	21
391	4	1	21
392	3	1	21
393	2	1	21
394	1	1	21
395	2	2	22
396	1	1	21
397	12	1	21
398	11	1	21
399	10	1	21
400	9	1	21
401	10	2	22
402	9	1	21
403	8	1	21
404	7	1	21
405	6	1	21
406	7	2	22
407	6	1	21
408	5	1	21
409	4	1	21
410	5	2	22
411	4	1	21
412	3	1	21
413	2	1	21
414	1	1	21
415	12	1	21
416	1	2	22
417	12	1	21
418	11	1	21
419	10	1	21
420	11	2	22
421	10	1	21
422	9	1	21
423	8	1	21
424	7	1	21
425	6	1	21
426	5	1	21
427	4	1	21
428	3	1	21
429	2	1	21
430	1	1	21
431	12	1	21
432	11	1	21
433	10	1	21
434	9	1	21
435	8	1	21
436	9	2	22
437	8	1	21
438	7	1	21
439	6	1	21
440	5	1	21
441	4	1	21
442	3	1	21
443	2	1	21
444	1	1	21
445	12	1	21
446	11	1	21
447	12	2	22
448	11	1	21
449	10	1	21
450	9	1	21
451	8	1	21
452	7	1	21
453	6	1	21
454	5	1	21
455	4	1	21
456	3	1	21
457	2	1	21
458	1	1	21
459	12	1	21
460	11	1	21
461	10	1	21
462	9	1	21
463	8	1	21
464	7	1	21
465	6	1	21
466	7	2	22
467	6	1	21
468	5	1	21
469	4	1	21
470	3	1	21
471	2	1	21
472	1	1	21
473	12	1	21
474	1	2	22
475	12	1	21
476	11	1	21
477	10	1	21
478	9	1	21
479	8	1	21
480	9	2	22
481	8	1	21
482	7	1	21
483	6	1	21
484	5	1	21
485	4	1	21
486	3	1	21
487	2	1	21
488	1	1	21
489	12	1	21
490	11	1	21
491	10	1	21
492	11	2	22
493	10	1	21
494	9	1	21
495	8	1	21
496	7	1	21
497	6	1	21
498	5	1	21
499	4	1	21
500	3	1	21
501	2	1	21
502	1	1	21
503	12	1	21
504	1	2	22
505	12	1	21
506	11	1	21
507	10	1	21
508	9	1	21
509	10	2	22
510	9	1	21
511	8	1	21
512	7	1	21
513	6	1	21
514	5	1	21
515	4	1	21
516	3	1	21
517	2	1	21
518	3	2	22
519	2	1	21
520	1	1	21
521	12	1	21
522	11	1	21
523	12	2	22
524	11	1	21
525	10	1	21
526	9	1	21
527	8	1	21
528	7	1	21
529	6	1	21
530	5	1	21
531	4	1	21
532	3	1	21
533	2	1	21
534	1	1	21
535	12	1	21
536	11	1	21
537	10	1	21
538	9	1	21
539	8	1	21
540	7	1	21
541	6	1	21
542	5	1	21
543	4	1	21
544	5	2	22
545	4	1	21
546	3	1	21
547	2	1	21
548	1	1	21
549	12	1	21
550	11	1	21
551	10	1	21
552	11	2	22
553	10	1	21
554	9	1	21
555	8	1	21
556	7	1	21
557	6	1	21
558	5	1	21
559	4	1	21
560	3	1	21
561	2	1	21
562	1	1	21
563	12	1	21
564	11	1	21
565	10	1	21
566	9	1	21
567	8	1	21
568	7	1	21
569	6	1	21
570	5	1	21
571	4	1	21
572	3	1	21
573	2	1	21
574	1	1	21
575	12	1	21
576	11	1	21
577	10	1	21
578	11	2	22
579	10	1	21
580	9	1	21
581	8	1	21
582	7	1	21
583	6	1	21
584	5	1	21
585	4	1	21
586	3	1	21
587	2	1	21
588	1	1	21
589	12	1	21
590	11	1	21
591	10	1	21
592	9	1	21
593	8	1	21
594	7	1	21
595	6	1	21
596	7	2	22
597	6	1	21
598	5	1	21
599	4	1	21
600	3	1	21
601	2	1	21
602	3	2	22
603	2	1	21
604	1	1	21
605	12	1	21
606	11	1	21
607	10	1	21
608	9	1	21
609	8	1	21
610	9	2	22
611	8	1	21
612	7	1	21
613	6	1	21
614	5	1	21
615	4	1	21
616	3	1	21
617	2	1	21
618	1	1	21
619	2	2	22
620	1	1	21
621	12	1	21
622	11	1	21
623	10	1	21
624	9	1	21
625	8	1	21
626	7	1	21
627	6	1	21
628	7	2	22
629	6	1	21
630	5	1	21
631	4	1	21
632	3	1	21
633	2	1	21
634	1	1	21
635	12	1	21
636	11	1	21
637	10	1	21
638	9	1	21
639	8	1	21
640	7	1	21
641	6	1	21
642	5	1	21
643	6	2	22
644	5	1	21
645	4	1	21
646	3	1	21
647	2	1	21
648	1	1	21
649	12	1	21
650	11	1	21
651	10	1	21
652	9	1	21
653	8	1	21
654	7	1	21
655	6	1	21
656	5	1	21
657	4	1	21
658	3	1	21
659	2	1	21
660	3	2	22
661	2	1	21
662	1	1	21
663	12	1	21
664	11	1	21
665	10	1	21
666	9	1	21
667	8	1	21
668	7	1	21
669	6	1	21
670	5	1	21
671	4	1	21
672	3	1	21
673	2	1	21
674	1	1	21
675	2	2	22
676	1	1	21
677	12	1	21
678	11	1	21
679	10	1	21
680	9	1	21
681	8	1	21
682	7	1	21
683	8	2	22
684	7	1	21
685	6	1	21
686	5	1	21
687	4	1	21
688	3	1	21
689	4	2	22
690	3	1	21
691	2	1	21
692	1	1	21
693	12	1	21
694	11	1	21
695	10	1	21
696	9	1	21
697	8	1	21
698	7	1	21
699	6	1	21
700	5	1	21
701	6	2	22
702	5	1	21
703	4	1	21
704	3	1	21
705	2	1	21
706	1	1	21
707	12	1	21
708	11	1	21
709	10	1	21
710	9	1	21
711	8	1	21
712	7	1	21
713	8	2	22
714	7	1	21
715	6	1	21
716	5	1	21
717	4	1	21
718	3	1	21
719	2	1	21
720	1	1	21
721	12	1	21
722	11	1	21
723	10	1	21
724	9	1	21
725	8	1	21
726	7	1	21
727	6	1	21
728	5	1	21
729	4	1	21
730	3	1	21
731	2	1	21
732	1	1	21
733	12	1	21
734	1	2	22
735	12	1	21
736	11	1	21
737	10	1	21
738	9	1	21
739	8	1	21
740	7	1	21
741	6	1	21
742	5	1	21
743	4	1	21
744	3	1	21
745	2	1	21
746	1	1	21
747	12	1	21
748	11	1	21
749	10	1	21
750	9	1	21
751	8	1	21
752	7	1	21
753	8	2	22
754	7	1	21
755	6	1	21
756	5	1	21
757	4	1	21
758	3	1	21
759	2	1	21
760	1	1	21
761	12	1	21
762	11	1	21
763	10	1	21
764	11	2	22
765	10	1	21
766	9	1	21
767	8	1	21
768	7	1	21
769	8	2	22
770	7	1	21
771	6	1	21
772	5	1	21
773	6	2	22
774	5	1	21
775	4	1	21
776	3	1	21
777	2	1	21
778	1	1	21
779	12	1	21
780	11	1	21
781	10	1	21
782	9	1	21
783	8	1	21
784	7	1	21
785	6	1	21
786	5	1	21
787	4	1	21
788	3	1	21
789	4	2	22
790	3	1	21
791	2	1	21
792	1	1	21
793	12	1	21
794	1	2	22
795	12	1	21
796	11	1	21
797	10	1	21
798	9	1	21
799	8	1	21
800	7	1	21
801	6	1	21
802	5	1	21
803	4	1	21
804	3	1	21
805	2	1	21
806	1	1	21
807	12	1	21
808	11	1	21
809	10	1	21
810	9	1	21
811	8	1	21
812	9	2	22
813	8	1	21
814	7	1	21
815	6	1	21
816	5	1	21
817	4	1	21
818	5	2	22
819	4	1	21
820	3	1	21
