1	12	1	21
2	11	1	21
3	10	1	21
4	9	1	21
5	8	1	21
6	7	1	21
7	6	1	21
8	5	1	21
9	4	1	21
10	3	1	21
11	2	1	21
12	3	2	22
13	2	1	21
14	1	1	21
15	12	1	21
16	11	1	21
17	10	1	21
18	11	2	22
19	10	1	21
20	9	1	21
21	8	1	21
22	7	1	21
23	6	1	21
24	5	1	21
25	4	1	21
26	3	1	21
27	2	1	21
28	3	2	22
29	2	1	21
30	1	1	21
31	12	1	21
32	11	1	21
33	10	1	21
34	9	1	21
35	8	1	21
36	7	1	21
37	6	1	21
38	5	1	21
39	4	1	21
40	3	1	21
41	2	1	21
42	1	1	21
43	12	1	21
44	11	1	21
45	10	1	21
46	9	1	21
47	10	2	22
48	9	1	21
49	8	1	21
50	7	1	21
51	6	1	21
52	7	2	22
53	6	1	21
54	5	1	21
55	4	1	21
56	3	1	21
57	2	1	21
58	1	1	21
59	2	2	22
60	1	1	21
61	12	1	21
62	11	1	21
63	10	1	21
64	9	1	21
65	8	1	21
66	7	1	21
67	6	1	21
68	5	1	21
69	4	1	21
70	3	1	21
71	2	1	21
72	1	1	21
73	12	1	21
74	11	1	21
75	10	1	21
76	9	1	21
77	8	1	21
78	7	1	21
79	8	2	22
80	7	1	21
81	6	1	21
82	5	1	21
83	4	1	21
84	3	1	21
85	2	1	21
86	3	2	22
87	2	1	21
88	1	1	21
89	12	1	21
90	11	1	21
91	10	1	21
92	9	1	21
93	8	1	21
94	7	1	21
95	8	2	22
96	7	1	21
97	6	1	21
98	5	1	21
99	4	1	21
100	3	1	21
101	2	1	21
102	1	1	21
103	12	1	21
104	11	1	21
105	12	2	22
106	11	1	21
107	10	1	21
108	9	1	21
109	8	1	21
110	7	1	21
111	6	1	21
112	5	1	21
113	4	1	21
114	3	1	21
115	2	1	21
116	1	1	21
117	12	1	21
118	11	1	21
119	10	1	21
120	9	1	21
121	8	1	21
122	7	1	21
123	6	1	21
124	7	2	22
125	6	1	21
126	5	1	21
127	4	1	21
128	3	1	21
129	4	2	22
130	3	1	21
131	2	1	21
132	1	1	21
133	12	1	21
134	1	2	22
135	12	1	21
136	11	1	21
137	10	1	21
138	9	1	21
139	8	1	21
140	7	1	21
141	6	1	21
142	7	2	22
143	6	1	21
144	5	1	21
145	4	1	21
146	3	1	21
147	2	1	21
148	1	1	21
149	12	1	21
150	11	1	21
151	10	1	21
152	9	1	21
153	8	1	21
154	7	1	21
155	6	1	21
156	7	2	22
157	6	1	21
158	5	1	21
159	4	1	21
160	3	1	21
161	2	1	21
162	1	1	21
163	12	1	21
164	11	1	21
165	10	1	21
166	9	1	21
167	8	1	21
168	7	1	21
169	6	1	21
170	5	1	21
171	4	1	21
172	3	1	21
173	2	1	21
174	3	2	22
175	2	1	21
176	1	1	21
177	12	1	21
178	11	1	21
179	10	1	21
180	9	1	21
181	8	1	21
182	7	1	21
183	6	1	21
184	5	1	21
185	4	1	21
186	3	1	21
187	2	1	21
188	1	1	21
189	12	1	21
190	11	1	21
191	10	1	21
192	9	1	21
193	8	1	21
194	7	1	21
195	6	1	21
196	5	1	21
197	4	1	21
198	5	2	22
199	4	1	21
200	3	1	21
201	2	1	21
202	3	2	22
203	2	1	21
204	1	1	21
205	12	1	21
206	11	1	21
207	10	1	21
208	9	1	21
209	8	1	21
210	7	1	21
211	6	1	21
212	5	1	21
213	4	1	21
214	3	1	21
215	2	1	21
216	1	1	21
217	12	1	21
218	11	1	21
219	10	1	21
220	9	1	21
221	8	1	21
222	7	1	21
223	6	1	21
224	5	1	21
225	4	1	21
226	5	2	22
227	4	1	21
228	3	1	21
229	2	1	21
230	1	1	21
231	12	1	21
232	11	1	21
233	10	1	21
234	9	1	21
235	10	2	22
236	9	1	21
237	8	1	21
238	7	1	21
239	6	1	21
240	5	1	21
241	4	1	21
242	3	1	21
243	2	1	21
244	1	1	21
245	12	1	21
246	1	2	22
247	12	1	21
248	11	1	21
249	10	1	21
250	9	1	21
251	8	1	21
252	7	1	21
253	6	1	21
254	5	1	21
255	4	1	21
256	3	1	21
257	2	1	21
258	1	1	21
259	12	1	21
260	11	1	21
261	10	1	21
262	9	1	21
263	8	1	21
264	7	1	21
265	6	1	21
266	5	1	21
267	4	1	21
268	3	1	21
269	4	2	22
270	3	1	21
271	2	1	21
272	1	1	21
273	12	1	21
274	11	1	21
275	10	1	21
276	9	1	21
277	8	1	21
278	7	1	21
279	6	1	21
280	5	1	21
281	4	1	21
282	3	1	21
283	4	2	22
284	3	1	21
285	2	1	21
286	1	1	21
287	12	1	21
288	11	1	21
289	12	2	22
290	11	1	21
291	10	1	21
292	9	1	21
293	8	1	21
294	7	1	21
295	6	1	21
296	5	1	21
297	6	2	22
298	5	1	21
299	4	1	21
300	3	1	21
301	2	1	21
302	1	1	21
303	12	1	21
304	11	1	21
305	10	1	21
306	9	1	21
307	10	2	22
308	9	1	21
309	8	1	21
310	7	1	21
311	6	1	21
312	5	1	21
313	4	1	21
314	3	1	21
315	4	2	22
316	3	1	21
317	2	1	21
318	1	1	21
319	12	1	21
320	11	1	21
321	10	1	21
322	9	1	21
323	8	1	21
324	7	1	21
325	6	1	21
326	5	1	21
327	4	1	21
328	3	1	21
329	2	1	21
330	1	1	21
331	12	1	21
332	11	1	21
333	10	1	21
334	9	1	21
335	8	1	21
336	7	1	21
337	6	1	21
338	5	1	21
339	4	1	21
340	3	1	21
341	2	1	21
342	1	1	21
343	12	1	21
344	11	1	21
345	10	1	21
346	9	1	21
347	8	1	21
348	7	1	21
349	6	1	21
350	5	1	21
351	4	1	21
352	5	2	22
353	4	1	21
354	3	1	21
355	2	1	21
356	1	1	21
357	12	1	21
358	11	1	21
359	10	1	21
360	9	1	21
361	8	1	21
362	7	1	21
363	6	1	21
364	5	1	21
365	6	2	22
366	5	1	21
367	4	1	21
368	3	1	21
369	2	1	21
370	1	1	21
371	12	1	21
372	11	1	21
373	10	1	21
374	9	1	21
375	8	1	21
376	7	1	21
377	6	1	21
378	5	1	21
379	4	1	21
380	3	1	21
381	2	1	21
382	1	1	21
383	12	1	21
384	11	1	21
385	10	1	21
386	9	1	21
387	8	1	21
388	7	1	21
389	6	1	21
390	5	1	21
391	4	1	21
392	3	1	21
393	2	1	21
394	1	1	21
395	12	1	21
396	11	1	21
397	10	1	21
398	11	2	22
399	10	1	21
400	9	1	21
401	8	1	21
402	7	1	21
403	8	2	22
404	7	1	21
405	6	1	21
406	5	1	21
407	4	1	21
408	3	1	21
409	2	1	21
410	1	1	21
411	2	2	22
412	1	1	21
413	12	1	21
414	11	1	21
415	12	2	22
416	11	1	21
417	10	1	21
418	9	1	21
419	8	1	21
420	7	1	21
421	6	1	21
422	5	1	21
423	4	1	21
424	3	1	21
425	2	1	21
426	3	2	22
427	2	1	21
428	1	1	21
429	12	1	21
430	1	2	22
431	12	1	21
432	11	1	21
433	10	1	21
434	9	1	21
435	8	1	21
436	7	1	21
437	8	2	22
438	7	1	21
439	6	1	21
440	5	1	21
441	6	2	22
442	5	1	21
443	4	1	21
444	3	1	21
445	2	1	21
446	1	1	21
447	12	1	21
448	1	2	22
449	12	1	21
450	11	1	21
451	10	1	21
452	9	1	21
453	8	1	21
454	9	2	22
455	8	1	21
456	7	1	21
457	6	1	21
458	5	1	21
459	4	1	21
460	3	1	21
461	2	1	21
462	1	1	21
463	12	1	21
464	11	1	21
465	10	1	21
466	9	1	21
467	8	1	21
468	7	1	21
469	6	1	21
470	5	1	21
471	4	1	21
472	5	2	22
473	4	1	21
474	3	1	21
475	2	1	21
476	1	1	21
477	12	1	21
478	11	1	21
479	12	2	22
480	11	1	21
481	10	1	21
482	9	1	21
483	8	1	21
484	9	2	22
485	8	1	21
486	7	1	21
487	6	1	21
488	5	1	21
489	4	1	21
490	3	1	21
491	2	1	21
492	1	1	21
493	12	1	21
494	11	1	21
495	12	2	22
496	11	1	21
497	10	1	21
498	9	1	21
499	8	1	21
500	7	1	21
501	8	2	22
502	7	1	21
503	6	1	21
504	5	1	21
505	4	1	21
506	3	1	21
507	2	1	21
508	1	1	21
509	12	1	21
510	11	1	21
511	10	1	21
512	9	1	21
513	8	1	21
514	7	1	21
515	6	1	21
516	5	1	21
517	4	1	21
518	3	1	21
519	2	1	21
520	1	1	21
521	12	1	21
522	1	2	22
523	12	1	21
524	11	1	21
525	10	1	21
526	9	1	21
527	10	2	22
528	9	1	21
529	8	1	21
530	7	1	21
531	6	1	21
532	7	2	22
533	6	1	21
534	5	1	21
535	4	1	21
536	3	1	21
537	2	1	21
538	1	1	21
539	12	1	21
540	1	2	22
541	12	1	21
542	11	1	21
543	10	1	21
544	9	1	21
545	8	1	21
546	7	1	21
547	6	1	21
548	5	1	21
549	4	1	21
550	5	2	22
551	4	1	21
552	3	1	21
553	2	1	21
554	1	1	21
555	12	1	21
556	11	1	21
557	10	1	21
558	9	1	21
559	8	1	21
560	7	1	21
561	6	1	21
562	5	1	21
563	4	1	21
564	3	1	21
565	4	2	22
566	3	1	21
567	2	1	21
568	1	1	21
569	12	1	21
570	11	1	21
571	10	1	21
572	9	1	21
573	8	1	21
574	9	2	22
575	8	1	21
576	7	1	21
577	6	1	21
578	5	1	21
579	4	1	21
580	3	1	21
581	2	1	21
582	1	1	21
583	12	1	21
584	11	1	21
585	10	1	21
586	9	1	21
587	8	1	21
588	7	1	21
589	6	1	21
590	5	1	21
591	6	2	22
592	5	1	21
593	4	1	21
594	3	1	21
595	2	1	21
596	1	1	21
597	12	1	21
598	11	1	21
599	10	1	21
600	9	1	21
601	8	1	21
602	7	1	21
603	6	1	21
604	5	1	21
605	4	1	21
606	3	1	21
607	2	1	21
608	1	1	21
609	12	1	21
610	11	1	21
611	10	1	21
612	9	1	21
613	10	2	22
614	9	1	21
615	8	1	21
616	7	1	21
617	6	1	21
618	5	1	21
619	4	1	21
620	3	1	21
621	2	1	21
622	1	1	21
623	2	2	22
624	1	1	21
625	12	1	21
626	11	1	21
627	10	1	21
628	9	1	21
629	8	1	21
630	7	1	21
631	6	1	21
632	5	1	21
633	4	1	21
634	3	1	21
635	2	1	21
636	1	1	21
637	12	1	21
638	11	1	21
639	10	1	21
640	11	2	22
641	10	1	21
642	9	1	21
643	8	1	21
644	7	1	21
645	6	1	21
646	5	1	21
647	4	1	21
648	3	1	21
649	4	2	22
650	3	1	21
651	2	1	21
652	1	1	21
653	12	1	21
654	11	1	21
655	10	1	21
656	11	2	22
657	10	1	21
658	9	1	21
659	8	1	21
660	7	1	21
661	6	1	21
662	5	1	21
663	4	1	21
664	3	1	21
665	2	1	21
666	1	1	21
667	12	1	21
668	11	1	21
669	10	1	21
670	9	1	21
671	8	1	21
672	7	1	21
673	6	1	21
674	5	1	21
675	6	2	22
676	5	1	21
677	4	1	21
678	3	1	21
679	2	1	21
680	1	1	21
681	2	2	22
682	1	1	21
683	12	1	21
684	11	1	21
685	10	1	21
686	9	1	21
687	8	1	21
688	7	1	21
689	6	1	21
690	5	1	21
691	4	1	21
692	3	1	21
693	2	1	21
694	1	1	21
695	12	1	21
696	11	1	21
697	10	1	21
698	11	2	22
699	10	1	21
700	9	1	21
701	8	1	21
702	9	2	22
703	8	1	21
704	7	1	21
705	6	1	21
706	5	1	21
707	6	2	22
708	5	1	21
709	4	1	21
710	3	1	21
711	2	1	21
712	1	1	21
713	12	1	21
714	11	1	21
715	10	1	21
716	9	1	21
717	8	1	21
718	9	2	22
719	8	1	21
720	7	1	21
721	6	1	21
722	5	1	21
723	4	1	21
724	3	1	21
725	2	1	21
726	1	1	21
727	12	1	21
728	11	1	21
729	10	1	21
730	11	2	22
731	10	1	21
732	9	1	21
733	8	1	21
734	7	1	21
735	6	1	21
736	5	1	21
737	4	1	21
738	3	1	21
739	2	1	21
740	1	1	21
741	12	1	21
742	11	1	21
743	10	1	21
744	9	1	21
745	10	2	22
746	9	1	21
747	8	1	21
748	7	1	21
749	6	1	21
750	7	2	22
751	6	1	21
752	5	1	21
753	4	1	21
754	3	1	21
755	2	1	21
756	1	1	21
757	12	1	21
758	1	2	22
759	12	1	21
760	11	1	21
761	10	1	21
762	9	1	21
763	8	1	21
764	7	1	21
765	6	1	21
766	7	2	22
767	6	1	21
768	5	1	21
769	4	1	21
770	3	1	21
771	2	1	21
772	1	1	21
773	2	2	22
774	1	1	21
775	12	1	21
776	11	1	21
777	12	2	22
778	11	1	21
779	10	1	21
780	9	1	21
781	8	1	21
782	7	1	21
783	6	1	21
784	5	1	21
785	6	2	22
786	5	1	21
787	4	1	21
788	3	1	21
789	2	1	21
790	1	1	21
791	2	2	22
792	1	1	21
793	12	1	21
794	11	1	21
795	10	1	21
796	9	1	21
797	8	1	21
798	9	2	22
799	8	1	21
800	7	1	21
801	6	1	21
802	5	1	21
803	4	1	21
804	5	2	22
805	4	1	21
806	3	1	21
807	2	1	21
808	1	1	21
809	12	1	21
810	11	1	21
811	10	1	21
812	9	1	21
813	8	1	21
814	7	1	21
815	8	2	22
816	7	1	21
817	6	1	21
818	5	1	21
819	4	1	21
820	3	1	21
