1	12	1	41
2	11	1	41
3	10	1	41
4	9	1	41
5	8	1	41
6	9	2	42
7	8	1	41
8	7	1	41
9	6	1	41
10	5	1	41
11	4	1	41
12	5	2	42
13	4	1	41
14	3	1	41
15	2	1	41
16	3	2	42
17	2	1	41
18	1	1	41
19	12	1	41
20	11	1	41
21	10	1	41
22	9	1	41
23	8	1	41
24	9	2	42
25	8	1	41
26	7	1	41
27	6	1	41
28	5	1	41
29	4	1	41
30	3	1	41
31	2	1	41
32	1	1	41
33	12	1	41
34	11	1	41
35	10	1	41
36	9	1	41
37	8	1	41
38	7	1	41
39	6	1	41
40	5	1	41
41	4	1	41
42	3	1	41
43	2	1	41
44	1	1	41
45	12	1	41
46	11	1	41
47	10	1	41
48	9	1	41
49	8	1	41
50	7	1	41
51	6	1	41
52	5	1	41
53	4	1	41
54	3	1	41
55	2	1	41
56	3	2	42
57	2	1	41
58	1	1	41
59	12	1	41
60	11	1	41
61	12	2	42
62	11	1	41
63	10	1	41
64	9	1	41
65	8	1	41
66	7	1	41
67	6	1	41
68	5	1	41
69	4	1	41
70	3	1	41
71	4	2	42
72	3	1	41
73	2	1	41
74	1	1	41
75	12	1	41
76	11	1	41
77	10	1	41
78	9	1	41
79	10	2	42
80	9	1	41
81	8	1	41
82	7	1	41
83	6	1	41
84	5	1	41
85	4	1	41
86	3	1	41
87	2	1	41
88	1	1	41
89	12	1	41
90	11	1	41
91	10	1	41
92	9	1	41
93	8	1	41
94	7	1	41
95	6	1	41
96	5	1	41
97	4	1	41
98	3	1	41
99	2	1	41
100	1	1	41
101	12	1	41
102	11	1	41
103	10	1	41
104	9	1	41
105	8	1	41
106	7	1	41
107	6	1	41
108	5	1	41
109	4	1	41
110	3	1	41
111	2	1	41
112	1	1	41
113	2	2	42
114	1	1	41
115	12	1	41
116	11	1	41
117	10	1	41
118	9	1	41
119	8	1	41
120	7	1	41
121	6	1	41
122	5	1	41
123	4	1	41
124	3	1	41
125	2	1	41
126	1	1	41
127	12	1	41
128	11	1	41
129	10	1	41
130	9	1	41
131	10	2	42
132	9	1	41
133	8	1	41
134	7	1	41
135	6	1	41
136	5	1	41
137	4	1	41
138	3	1	41
139	2	1	41
140	1	1	41
141	2	2	42
142	1	1	41
143	12	1	41
144	11	1	41
145	10	1	41
146	9	1	41
147	8	1	41
148	7	1	41
149	6	1	41
150	5	1	41
151	4	1	41
152	3	1	41
153	2	1	41
154	3	2	42
155	2	1	41
156	1	1	41
157	12	1	41
158	11	1	41
159	10	1	41
160	9	1	41
161	10	2	42
162	9	1	41
163	8	1	41
164	7	1	41
165	6	1	41
166	5	1	41
167	4	1	41
168	3	1	41
169	2	1	41
170	1	1	41
171	12	1	41
172	11	1	41
173	10	1	41
174	9	1	41
175	8	1	41
176	7	1	41
177	8	2	42
178	7	1	41
179	6	1	41
180	5	1	41
181	6	2	42
182	5	1	41
183	4	1	41
184	3	1	41
185	2	1	41
186	1	1	41
187	12	1	41
188	11	1	41
189	10	1	41
190	11	2	42
191	10	1	41
192	9	1	41
193	8	1	41
194	9	2	42
195	8	1	41
196	7	1	41
197	6	1	41
198	5	1	41
199	4	1	41
200	3	1	41
201	2	1	41
202	1	1	41
203	12	1	41
204	11	1	41
205	10	1	41
206	9	1	41
207	8	1	41
208	7	1	41
209	6	1	41
210	5	1	41
211	4	1	41
212	3	1	41
213	2	1	41
214	1	1	41
215	12	1	41
216	11	1	41
217	10	1	41
218	9	1	41
219	8	1	41
220	7	1	41
221	6	1	41
222	7	2	42
223	6	1	41
224	5	1	41
225	4	1	41
226	3	1	41
227	2	1	41
228	1	1	41
229	12	1	41
230	11	1	41
231	10	1	41
232	9	1	41
233	8	1	41
234	7	1	41
235	8	2	42
236	7	1	41
237	6	1	41
238	5	1	41
239	4	1	41
240	3	1	41
241	2	1	41
242	1	1	41
243	12	1	41
244	11	1	41
245	10	1	41
246	9	1	41
247	8	1	41
248	7	1	41
249	6	1	41
250	5	1	41
251	6	2	42
252	5	1	41
253	4	1	41
254	3	1	41
255	4	2	42
256	3	1	41
257	2	1	41
258	1	1	41
259	12	1	41
260	11	1	41
261	10	1	41
262	9	1	41
263	8	1	41
264	7	1	41
265	6	1	41
266	5	1	41
267	6	2	42
268	5	1	41
269	4	1	41
270	3	1	41
271	2	1	41
272	3	2	42
273	2	1	41
274	1	1	41
275	12	1	41
276	11	1	41
277	10	1	41
278	9	1	41
279	8	1	41
280	7	1	41
281	6	1	41
282	5	1	41
283	4	1	41
284	3	1	41
285	2	1	41
286	1	1	41
287	2	2	42
288	1	1	41
289	12	1	41
290	11	1	41
291	10	1	41
292	9	1	41
293	8	1	41
294	7	1	41
295	6	1	41
296	5	1	41
297	6	2	42
298	5	1	41
299	4	1	41
300	3	1	41
301	2	1	41
302	1	1	41
303	2	2	42
304	1	1	41
305	12	1	41
306	11	1	41
307	10	1	41
308	11	2	42
309	10	1	41
310	9	1	41
311	8	1	41
312	7	1	41
313	6	1	41
314	5	1	41
315	4	1	41
316	3	1	41
317	4	2	42
318	3	1	41
319	2	1	41
320	1	1	41
321	12	1	41
322	11	1	41
323	10	1	41
324	9	1	41
325	8	1	41
326	9	2	42
327	8	1	41
328	7	1	41
329	6	1	41
330	5	1	41
331	4	1	41
332	3	1	41
333	4	2	42
334	3	1	41
335	2	1	41
336	1	1	41
337	12	1	41
338	11	1	41
339	10	1	41
340	9	1	41
341	8	1	41
342	9	2	42
343	8	1	41
344	7	1	41
345	6	1	41
346	5	1	41
347	4	1	41
348	5	2	42
349	4	1	41
350	3	1	41
351	2	1	41
352	1	1	41
353	12	1	41
354	11	1	41
355	10	1	41
356	9	1	41
357	8	1	41
358	7	1	41
359	6	1	41
360	5	1	41
361	4	1	41
362	3	1	41
363	2	1	41
364	3	2	42
365	2	1	41
366	1	1	41
367	12	1	41
368	11	1	41
369	12	2	42
370	11	1	41
371	10	1	41
372	9	1	41
373	8	1	41
374	7	1	41
375	6	1	41
376	5	1	41
377	4	1	41
378	5	2	42
379	4	1	41
380	3	1	41
381	2	1	41
382	1	1	41
383	12	1	41
384	11	1	41
385	10	1	41
386	11	2	42
387	10	1	41
388	9	1	41
389	8	1	41
390	9	2	42
391	8	1	41
392	7	1	41
393	6	1	41
394	5	1	41
395	6	2	42
396	5	1	41
397	4	1	41
398	3	1	41
399	2	1	41
400	1	1	41
401	12	1	41
402	11	1	41
403	10	1	41
404	9	1	41
405	10	2	42
406	9	1	41
407	8	1	41
408	7	1	41
409	6	1	41
410	7	2	42
411	6	1	41
412	5	1	41
413	4	1	41
414	3	1	41
415	2	1	41
416	1	1	41
417	12	1	41
418	11	1	41
419	10	1	41
420	9	1	41
421	8	1	41
422	7	1	41
423	6	1	41
424	5	1	41
425	4	1	41
426	3	1	41
427	4	2	42
428	3	1	41
429	2	1	41
430	1	1	41
431	12	1	41
432	11	1	41
433	10	1	41
434	9	1	41
435	10	2	42
436	9	1	41
437	8	1	41
438	7	1	41
439	6	1	41
440	7	2	42
441	6	1	41
442	5	1	41
443	4	1	41
444	3	1	41
445	4	2	42
446	3	1	41
447	2	1	41
448	1	1	41
449	12	1	41
450	11	1	41
451	10	1	41
452	9	1	41
453	8	1	41
454	7	1	41
455	6	1	41
456	5	1	41
457	4	1	41
458	3	1	41
459	2	1	41
460	1	1	41
461	12	1	41
462	11	1	41
463	10	1	41
464	11	2	42
465	10	1	41
466	9	1	41
467	8	1	41
468	7	1	41
469	6	1	41
470	5	1	41
471	6	2	42
472	5	1	41
473	4	1	41
474	3	1	41
475	2	1	41
476	1	1	41
477	12	1	41
478	11	1	41
479	10	1	41
480	9	1	41
481	8	1	41
482	7	1	41
483	6	1	41
484	5	1	41
485	4	1	41
486	3	1	41
487	2	1	41
488	1	1	41
489	12	1	41
490	11	1	41
491	10	1	41
492	9	1	41
493	8	1	41
494	7	1	41
495	6	1	41
496	5	1	41
497	4	1	41
498	3	1	41
499	2	1	41
500	1	1	41
501	12	1	41
502	11	1	41
503	10	1	41
504	9	1	41
505	8	1	41
506	7	1	41
507	6	1	41
508	5	1	41
509	4	1	41
510	5	2	42
511	4	1	41
512	3	1	41
513	2	1	41
514	1	1	41
515	12	1	41
516	11	1	41
517	12	2	42
518	11	1	41
519	10	1	41
520	9	1	41
521	8	1	41
522	7	1	41
523	8	2	42
524	7	1	41
525	6	1	41
526	5	1	41
527	4	1	41
528	3	1	41
529	2	1	41
530	1	1	41
531	12	1	41
532	11	1	41
533	10	1	41
534	9	1	41
535	8	1	41
536	7	1	41
537	8	2	42
538	7	1	41
539	6	1	41
540	5	1	41
541	4	1	41
542	3	1	41
543	2	1	41
544	1	1	41
545	12	1	41
546	11	1	41
547	10	1	41
548	9	1	41
549	8	1	41
550	7	1	41
551	6	1	41
552	5	1	41
553	4	1	41
554	3	1	41
555	2	1	41
556	1	1	41
557	12	1	41
558	11	1	41
559	12	2	42
560	11	1	41
561	10	1	41
562	9	1	41
563	8	1	41
564	7	1	41
565	6	1	41
566	7	2	42
567	6	1	41
568	5	1	41
569	4	1	41
570	3	1	41
571	2	1	41
572	1	1	41
573	12	1	41
574	11	1	41
575	10	1	41
576	9	1	41
577	8	1	41
578	7	1	41
579	6	1	41
580	5	1	41
581	4	1	41
582	3	1	41
583	4	2	42
584	3	1	41
585	2	1	41
586	1	1	41
587	12	1	41
588	11	1	41
589	12	2	42
590	11	1	41
591	10	1	41
592	9	1	41
593	8	1	41
594	7	1	41
595	8	2	42
596	7	1	41
597	6	1	41
598	5	1	41
599	4	1	41
600	3	1	41
601	2	1	41
602	1	1	41
603	12	1	41
604	11	1	41
605	10	1	41
606	9	1	41
607	8	1	41
608	7	1	41
609	6	1	41
610	5	1	41
611	4	1	41
612	3	1	41
613	2	1	41
614	3	2	42
615	2	1	41
616	1	1	41
617	12	1	41
618	11	1	41
619	12	2	42
620	11	1	41
621	10	1	41
622	9	1	41
623	8	1	41
624	7	1	41
625	6	1	41
626	5	1	41
627	4	1	41
628	3	1	41
629	2	1	41
630	1	1	41
631	12	1	41
632	11	1	41
633	10	1	41
634	9	1	41
635	8	1	41
636	7	1	41
637	6	1	41
638	5	1	41
639	4	1	41
640	5	2	42
641	4	1	41
642	3	1	41
643	2	1	41
644	1	1	41
645	12	1	41
646	11	1	41
647	10	1	41
648	9	1	41
649	10	2	42
650	9	1	41
651	8	1	41
652	7	1	41
653	6	1	41
654	5	1	41
655	4	1	41
656	3	1	41
657	2	1	41
658	3	2	42
659	2	1	41
660	1	1	41
661	12	1	41
662	11	1	41
663	10	1	41
664	9	1	41
665	8	1	41
666	7	1	41
667	6	1	41
668	5	1	41
669	4	1	41
670	3	1	41
671	2	1	41
672	1	1	41
673	12	1	41
674	11	1	41
675	10	1	41
676	9	1	41
677	8	1	41
678	7	1	41
679	6	1	41
680	5	1	41
681	4	1	41
682	3	1	41
683	2	1	41
684	1	1	41
685	12	1	41
686	11	1	41
687	10	1	41
688	9	1	41
689	8	1	41
690	7	1	41
691	6	1	41
692	5	1	41
693	4	1	41
694	3	1	41
695	2	1	41
696	1	1	41
697	12	1	41
698	11	1	41
699	12	2	42
700	11	1	41
701	10	1	41
702	9	1	41
703	8	1	41
704	7	1	41
705	8	2	42
706	7	1	41
707	6	1	41
708	5	1	41
709	4	1	41
710	3	1	41
711	2	1	41
712	1	1	41
713	2	2	42
714	1	1	41
715	12	1	41
716	11	1	41
717	10	1	41
718	11	2	42
719	10	1	41
720	9	1	41
721	8	1	41
722	7	1	41
723	8	2	42
724	7	1	41
725	6	1	41
726	5	1	41
727	6	2	42
728	5	1	41
729	4	1	41
730	3	1	41
731	2	1	41
732	1	1	41
733	12	1	41
734	11	1	41
735	10	1	41
736	9	1	41
737	8	1	41
738	9	2	42
739	8	1	41
740	7	1	41
741	6	1	41
742	7	2	42
743	6	1	41
744	5	1	41
745	4	1	41
746	3	1	41
747	2	1	41
748	1	1	41
749	12	1	41
750	11	1	41
751	10	1	41
752	9	1	41
753	10	2	42
754	9	1	41
755	8	1	41
756	7	1	41
757	6	1	41
758	5	1	41
759	4	1	41
760	5	2	42
761	4	1	41
762	3	1	41
763	2	1	41
764	1	1	41
765	2	2	42
766	1	1	41
767	12	1	41
768	11	1	41
769	10	1	41
770	9	1	41
771	8	1	41
772	7	1	41
773	6	1	41
774	5	1	41
775	4	1	41
776	3	1	41
777	2	1	41
778	1	1	41
779	2	2	42
780	1	1	41
781	12	1	41
782	11	1	41
783	10	1	41
784	9	1	41
785	8	1	41
786	7	1	41
787	6	1	41
788	7	2	42
789	6	1	41
790	5	1	41
791	4	1	41
792	3	1	41
793	2	1	41
794	1	1	41
795	12	1	41
796	11	1	41
797	10	1	41
798	11	2	42
799	10	1	41
800	9	1	41
801	8	1	41
802	7	1	41
803	6	1	41
804	5	1	41
805	4	1	41
806	3	1	41
807	2	1	41
808	1	1	41
809	12	1	41
810	11	1	41
811	10	1	41
812	11	2	42
813	10	1	41
814	9	1	41
815	8	1	41
816	7	1	41
817	6	1	41
818	5	1	41
819	4	1	41
820	3	1	41
