1	12	1	21
2	11	1	21
3	10	1	21
4	9	1	21
5	8	1	21
6	7	1	21
7	6	1	21
8	5	1	21
9	4	1	21
10	3	1	21
11	2	1	21
12	1	1	21
13	12	1	21
14	11	1	21
15	10	1	21
16	9	1	21
17	10	2	22
18	9	1	21
19	8	1	21
20	7	1	21
21	6	1	21
22	5	1	21
23	4	1	21
24	5	2	22
25	4	1	21
26	3	1	21
27	2	1	21
28	1	1	21
29	12	1	21
30	11	1	21
31	10	1	21
32	9	1	21
33	8	1	21
34	7	1	21
35	6	1	21
36	5	1	21
37	4	1	21
38	3	1	21
39	2	1	21
40	1	1	21
41	12	1	21
42	1	2	22
43	12	1	21
44	11	1	21
45	10	1	21
46	9	1	21
47	8	1	21
48	7	1	21
49	8	2	22
50	7	1	21
51	6	1	21
52	5	1	21
53	4	1	21
54	3	1	21
55	2	1	21
56	1	1	21
57	12	1	21
58	11	1	21
59	10	1	21
60	11	2	22
61	10	1	21
62	9	1	21
63	8	1	21
64	7	1	21
65	6	1	21
66	5	1	21
67	6	2	22
68	5	1	21
69	4	1	21
70	3	1	21
71	2	1	21
72	1	1	21
73	12	1	21
74	11	1	21
75	10	1	21
76	11	2	22
77	10	1	21
78	9	1	21
79	8	1	21
80	7	1	21
81	6	1	21
82	5	1	21
83	6	2	22
84	5	1	21
85	4	1	21
86	3	1	21
87	2	1	21
88	1	1	21
89	12	1	21
90	11	1	21
91	10	1	21
92	9	1	21
93	8	1	21
94	7	1	21
95	8	2	22
96	7	1	21
97	6	1	21
98	5	1	21
99	6	2	22
100	5	1	21
101	4	1	21
102	3	1	21
103	2	1	21
104	1	1	21
105	12	1	21
106	11	1	21
107	10	1	21
108	9	1	21
109	8	1	21
110	7	1	21
111	6	1	21
112	5	1	21
113	4	1	21
114	5	2	22
115	4	1	21
116	3	1	21
117	2	1	21
118	1	1	21
119	12	1	21
120	11	1	21
121	10	1	21
122	9	1	21
123	8	1	21
124	7	1	21
125	6	1	21
126	7	2	22
127	6	1	21
128	5	1	21
129	4	1	21
130	3	1	21
131	2	1	21
132	1	1	21
133	12	1	21
134	11	1	21
135	10	1	21
136	9	1	21
137	8	1	21
138	9	2	22
139	8	1	21
140	7	1	21
141	6	1	21
142	5	1	21
143	4	1	21
144	3	1	21
145	2	1	21
146	3	2	22
147	2	1	21
148	1	1	21
149	12	1	21
150	11	1	21
151	10	1	21
152	9	1	21
153	8	1	21
154	7	1	21
155	6	1	21
156	5	1	21
157	4	1	21
158	5	2	22
159	4	1	21
160	3	1	21
161	2	1	21
162	1	1	21
163	12	1	21
164	11	1	21
165	10	1	21
166	9	1	21
167	8	1	21
168	7	1	21
169	6	1	21
170	5	1	21
171	4	1	21
172	3	1	21
173	2	1	21
174	3	2	22
175	2	1	21
176	1	1	21
177	12	1	21
178	1	2	22
179	12	1	21
180	11	1	21
181	10	1	21
182	9	1	21
183	8	1	21
184	7	1	21
185	6	1	21
186	5	1	21
187	4	1	21
188	3	1	21
189	2	1	21
190	1	1	21
191	12	1	21
192	1	2	22
193	12	1	21
194	11	1	21
195	10	1	21
196	11	2	22
197	10	1	21
198	9	1	21
199	8	1	21
200	7	1	21
201	6	1	21
202	5	1	21
203	4	1	21
204	3	1	21
205	2	1	21
206	1	1	21
207	12	1	21
208	11	1	21
209	10	1	21
210	9	1	21
211	8	1	21
212	7	1	21
213	8	2	22
214	7	1	21
215	6	1	21
216	5	1	21
217	4	1	21
218	3	1	21
219	2	1	21
220	1	1	21
221	12	1	21
222	11	1	21
223	10	1	21
224	9	1	21
225	10	2	22
226	9	1	21
227	8	1	21
228	7	1	21
229	8	2	22
230	7	1	21
231	6	1	21
232	5	1	21
233	4	1	21
234	3	1	21
235	2	1	21
236	1	1	21
237	12	1	21
238	11	1	21
239	10	1	21
240	9	1	21
241	8	1	21
242	7	1	21
243	6	1	21
244	5	1	21
245	4	1	21
246	3	1	21
247	2	1	21
248	1	1	21
249	12	1	21
250	11	1	21
251	10	1	21
252	9	1	21
253	8	1	21
254	7	1	21
255	6	1	21
256	5	1	21
257	4	1	21
258	3	1	21
259	2	1	21
260	1	1	21
261	12	1	21
262	11	1	21
263	10	1	21
264	9	1	21
265	8	1	21
266	7	1	21
267	6	1	21
268	5	1	21
269	6	2	22
270	5	1	21
271	4	1	21
272	3	1	21
273	2	1	21
274	1	1	21
275	12	1	21
276	11	1	21
277	10	1	21
278	9	1	21
279	8	1	21
280	7	1	21
281	6	1	21
282	5	1	21
283	4	1	21
284	3	1	21
285	2	1	21
286	3	2	22
287	2	1	21
288	1	1	21
289	12	1	21
290	11	1	21
291	12	2	22
292	11	1	21
293	10	1	21
294	9	1	21
295	10	2	22
296	9	1	21
297	8	1	21
298	7	1	21
299	8	2	22
300	7	1	21
301	6	1	21
302	5	1	21
303	6	2	22
304	5	1	21
305	4	1	21
306	3	1	21
307	2	1	21
308	1	1	21
309	12	1	21
310	11	1	21
311	10	1	21
312	9	1	21
313	10	2	22
314	9	1	21
315	8	1	21
316	7	1	21
317	6	1	21
318	5	1	21
319	4	1	21
320	3	1	21
321	2	1	21
322	1	1	21
323	2	2	22
324	1	1	21
325	12	1	21
326	11	1	21
327	10	1	21
328	9	1	21
329	8	1	21
330	7	1	21
331	6	1	21
332	5	1	21
333	4	1	21
334	3	1	21
335	2	1	21
336	1	1	21
337	2	2	22
338	1	1	21
339	12	1	21
340	11	1	21
341	10	1	21
342	11	2	22
343	10	1	21
344	9	1	21
345	8	1	21
346	7	1	21
347	6	1	21
348	7	2	22
349	6	1	21
350	5	1	21
351	4	1	21
352	3	1	21
353	2	1	21
354	1	1	21
355	12	1	21
356	11	1	21
357	10	1	21
358	9	1	21
359	8	1	21
360	7	1	21
361	6	1	21
362	5	1	21
363	6	2	22
364	5	1	21
365	4	1	21
366	3	1	21
367	2	1	21
368	3	2	22
369	2	1	21
370	1	1	21
371	12	1	21
372	11	1	21
373	10	1	21
374	9	1	21
375	8	1	21
376	9	2	22
377	8	1	21
378	7	1	21
379	6	1	21
380	5	1	21
381	4	1	21
382	3	1	21
383	2	1	21
384	1	1	21
385	12	1	21
386	1	2	22
387	12	1	21
388	11	1	21
389	10	1	21
390	9	1	21
391	8	1	21
392	7	1	21
393	6	1	21
394	7	2	22
395	6	1	21
396	5	1	21
397	4	1	21
398	3	1	21
399	2	1	21
400	1	1	21
401	12	1	21
402	11	1	21
403	10	1	21
404	9	1	21
405	8	1	21
406	7	1	21
407	6	1	21
408	5	1	21
409	4	1	21
410	3	1	21
411	2	1	21
412	1	1	21
413	12	1	21
414	11	1	21
415	10	1	21
416	9	1	21
417	8	1	21
418	7	1	21
419	6	1	21
420	5	1	21
421	4	1	21
422	5	2	22
423	4	1	21
424	3	1	21
425	2	1	21
426	1	1	21
427	12	1	21
428	11	1	21
429	10	1	21
430	9	1	21
431	8	1	21
432	9	2	22
433	8	1	21
434	7	1	21
435	6	1	21
436	5	1	21
437	4	1	21
438	3	1	21
439	2	1	21
440	1	1	21
441	12	1	21
442	11	1	21
443	12	2	22
444	11	1	21
445	10	1	21
446	9	1	21
447	8	1	21
448	7	1	21
449	6	1	21
450	5	1	21
451	4	1	21
452	3	1	21
453	4	2	22
454	3	1	21
455	2	1	21
456	1	1	21
457	12	1	21
458	11	1	21
459	12	2	22
460	11	1	21
461	10	1	21
462	9	1	21
463	8	1	21
464	7	1	21
465	6	1	21
466	5	1	21
467	4	1	21
468	3	1	21
469	4	2	22
470	3	1	21
471	2	1	21
472	1	1	21
473	12	1	21
474	11	1	21
475	12	2	22
476	11	1	21
477	10	1	21
478	9	1	21
479	8	1	21
480	7	1	21
481	8	2	22
482	7	1	21
483	6	1	21
484	5	1	21
485	4	1	21
486	3	1	21
487	2	1	21
488	1	1	21
489	12	1	21
490	11	1	21
491	10	1	21
492	9	1	21
493	8	1	21
494	9	2	22
495	8	1	21
496	7	1	21
497	6	1	21
498	5	1	21
499	4	1	21
500	3	1	21
501	2	1	21
502	1	1	21
503	12	1	21
504	11	1	21
505	10	1	21
506	9	1	21
507	8	1	21
508	7	1	21
509	6	1	21
510	5	1	21
511	4	1	21
512	5	2	22
513	4	1	21
514	3	1	21
515	2	1	21
516	1	1	21
517	12	1	21
518	1	2	22
519	12	1	21
520	11	1	21
521	10	1	21
522	9	1	21
523	8	1	21
524	9	2	22
525	8	1	21
526	7	1	21
527	6	1	21
528	5	1	21
529	4	1	21
530	3	1	21
531	2	1	21
532	1	1	21
533	12	1	21
534	11	1	21
535	10	1	21
536	9	1	21
537	8	1	21
538	7	1	21
539	6	1	21
540	5	1	21
541	4	1	21
542	3	1	21
543	2	1	21
544	1	1	21
545	12	1	21
546	11	1	21
547	12	2	22
548	11	1	21
549	10	1	21
550	9	1	21
551	8	1	21
552	9	2	22
553	8	1	21
554	7	1	21
555	6	1	21
556	5	1	21
557	4	1	21
558	3	1	21
559	2	1	21
560	1	1	21
561	12	1	21
562	11	1	21
563	10	1	21
564	9	1	21
565	8	1	21
566	7	1	21
567	6	1	21
568	5	1	21
569	4	1	21
570	3	1	21
571	2	1	21
572	1	1	21
573	12	1	21
574	11	1	21
575	10	1	21
576	9	1	21
577	8	1	21
578	7	1	21
579	6	1	21
580	7	2	22
581	6	1	21
582	5	1	21
583	4	1	21
584	5	2	22
585	4	1	21
586	3	1	21
587	2	1	21
588	1	1	21
589	12	1	21
590	11	1	21
591	10	1	21
592	9	1	21
593	8	1	21
594	7	1	21
595	6	1	21
596	5	1	21
597	4	1	21
598	3	1	21
599	2	1	21
600	1	1	21
601	2	2	22
602	1	1	21
603	12	1	21
604	11	1	21
605	10	1	21
606	9	1	21
607	8	1	21
608	7	1	21
609	6	1	21
610	5	1	21
611	4	1	21
612	3	1	21
613	2	1	21
614	1	1	21
615	2	2	22
616	1	1	21
617	12	1	21
618	11	1	21
619	10	1	21
620	9	1	21
621	8	1	21
622	7	1	21
623	6	1	21
624	5	1	21
625	4	1	21
626	3	1	21
627	2	1	21
628	1	1	21
629	12	1	21
630	11	1	21
631	10	1	21
632	9	1	21
633	8	1	21
634	7	1	21
635	6	1	21
636	5	1	21
637	4	1	21
638	3	1	21
639	2	1	21
640	1	1	21
641	12	1	21
642	11	1	21
643	10	1	21
644	11	2	22
645	10	1	21
646	9	1	21
647	8	1	21
648	7	1	21
649	6	1	21
650	5	1	21
651	4	1	21
652	5	2	22
653	4	1	21
654	3	1	21
655	2	1	21
656	1	1	21
657	12	1	21
658	11	1	21
659	10	1	21
660	9	1	21
661	10	2	22
662	9	1	21
663	8	1	21
664	7	1	21
665	8	2	22
666	7	1	21
667	6	1	21
668	5	1	21
669	4	1	21
670	3	1	21
671	4	2	22
672	3	1	21
673	2	1	21
674	1	1	21
675	12	1	21
676	11	1	21
677	10	1	21
678	9	1	21
679	8	1	21
680	7	1	21
681	6	1	21
682	5	1	21
683	4	1	21
684	3	1	21
685	2	1	21
686	1	1	21
687	12	1	21
688	11	1	21
689	10	1	21
690	9	1	21
691	8	1	21
692	7	1	21
693	6	1	21
694	5	1	21
695	6	2	22
696	5	1	21
697	4	1	21
698	3	1	21
699	2	1	21
700	1	1	21
701	2	2	22
702	1	1	21
703	12	1	21
704	11	1	21
705	10	1	21
706	9	1	21
707	8	1	21
708	7	1	21
709	6	1	21
710	5	1	21
711	4	1	21
712	3	1	21
713	4	2	22
714	3	1	21
715	2	1	21
716	1	1	21
717	12	1	21
718	11	1	21
719	10	1	21
720	9	1	21
721	8	1	21
722	7	1	21
723	6	1	21
724	5	1	21
725	4	1	21
726	3	1	21
727	4	2	22
728	3	1	21
729	2	1	21
730	1	1	21
731	12	1	21
732	11	1	21
733	10	1	21
734	11	2	22
735	10	1	21
736	9	1	21
737	8	1	21
738	7	1	21
739	6	1	21
740	5	1	21
741	4	1	21
742	3	1	21
743	2	1	21
744	1	1	21
745	2	2	22
746	1	1	21
747	12	1	21
748	11	1	21
749	12	2	22
750	11	1	21
751	10	1	21
752	9	1	21
753	8	1	21
754	7	1	21
755	6	1	21
756	7	2	22
757	6	1	21
758	5	1	21
759	4	1	21
760	3	1	21
761	2	1	21
762	3	2	22
763	2	1	21
764	1	1	21
765	12	1	21
766	1	2	22
767	12	1	21
768	11	1	21
769	10	1	21
770	9	1	21
771	10	2	22
772	9	1	21
773	8	1	21
774	7	1	21
775	6	1	21
776	5	1	21
777	4	1	21
778	3	1	21
779	4	2	22
780	3	1	21
781	2	1	21
782	1	1	21
783	12	1	21
784	11	1	21
785	10	1	21
786	9	1	21
787	8	1	21
788	7	1	21
789	6	1	21
790	5	1	21
791	4	1	21
792	3	1	21
793	2	1	21
794	3	2	22
795	2	1	21
796	1	1	21
797	12	1	21
798	11	1	21
799	10	1	21
800	9	1	21
801	8	1	21
802	7	1	21
803	6	1	21
804	7	2	22
805	6	1	21
806	5	1	21
807	4	1	21
808	3	1	21
809	2	1	21
810	1	1	21
811	12	1	21
812	11	1	21
813	10	1	21
814	9	1	21
815	8	1	21
816	7	1	21
817	6	1	21
818	5	1	21
819	4	1	21
820	3	1	21
