1	12	1	21
2	11	1	21
3	10	1	21
4	9	1	21
5	8	1	21
6	9	2	22
7	8	1	21
8	7	1	21
9	6	1	21
10	5	1	21
11	4	1	21
12	3	1	21
13	2	1	21
14	1	1	21
15	12	1	21
16	11	1	21
17	10	1	21
18	9	1	21
19	8	1	21
20	7	1	21
21	6	1	21
22	7	2	22
23	6	1	21
24	5	1	21
25	4	1	21
26	3	1	21
27	2	1	21
28	1	1	21
29	12	1	21
30	11	1	21
31	10	1	21
32	9	1	21
33	8	1	21
34	7	1	21
35	6	1	21
36	7	2	22
37	6	1	21
38	5	1	21
39	4	1	21
40	3	1	21
41	2	1	21
42	1	1	21
43	12	1	21
44	11	1	21
45	10	1	21
46	9	1	21
47	8	1	21
48	7	1	21
49	6	1	21
50	5	1	21
51	4	1	21
52	3	1	21
53	2	1	21
54	3	2	22
55	2	1	21
56	1	1	21
57	12	1	21
58	11	1	21
59	10	1	21
60	11	2	22
61	10	1	21
62	9	1	21
63	8	1	21
64	7	1	21
65	6	1	21
66	5	1	21
67	4	1	21
68	3	1	21
69	2	1	21
70	1	1	21
71	12	1	21
72	11	1	21
73	12	2	22
74	11	1	21
75	10	1	21
76	9	1	21
77	10	2	22
78	9	1	21
79	8	1	21
80	7	1	21
81	8	2	22
82	7	1	21
83	6	1	21
84	5	1	21
85	4	1	21
86	3	1	21
87	4	2	22
88	3	1	21
89	2	1	21
90	1	1	21
91	12	1	21
92	11	1	21
93	10	1	21
94	9	1	21
95	8	1	21
96	7	1	21
97	6	1	21
98	5	1	21
99	4	1	21
100	3	1	21
101	2	1	21
102	1	1	21
103	2	2	22
104	1	1	21
105	12	1	21
106	11	1	21
107	10	1	21
108	9	1	21
109	10	2	22
110	9	1	21
111	8	1	21
112	7	1	21
113	6	1	21
114	5	1	21
115	4	1	21
116	3	1	21
117	2	1	21
118	1	1	21
119	12	1	21
120	1	2	22
121	12	1	21
122	11	1	21
123	10	1	21
124	9	1	21
125	8	1	21
126	7	1	21
127	6	1	21
128	5	1	21
129	4	1	21
130	3	1	21
131	2	1	21
132	1	1	21
133	12	1	21
134	11	1	21
135	10	1	21
136	9	1	21
137	8	1	21
138	7	1	21
139	6	1	21
140	5	1	21
141	4	1	21
142	3	1	21
143	4	2	22
144	3	1	21
145	2	1	21
146	1	1	21
147	12	1	21
148	1	2	22
149	12	1	21
150	11	1	21
151	10	1	21
152	9	1	21
153	8	1	21
154	7	1	21
155	6	1	21
156	5	1	21
157	4	1	21
158	3	1	21
159	2	1	21
160	1	1	21
161	12	1	21
162	11	1	21
163	10	1	21
164	9	1	21
165	8	1	21
166	7	1	21
167	6	1	21
168	5	1	21
169	6	2	22
170	5	1	21
171	4	1	21
172	3	1	21
173	2	1	21
174	3	2	22
175	2	1	21
176	1	1	21
177	12	1	21
178	11	1	21
179	10	1	21
180	9	1	21
181	8	1	21
182	7	1	21
183	6	1	21
184	7	2	22
185	6	1	21
186	5	1	21
187	4	1	21
188	5	2	22
189	4	1	21
190	3	1	21
191	2	1	21
192	1	1	21
193	12	1	21
194	11	1	21
195	10	1	21
196	11	2	22
197	10	1	21
198	9	1	21
199	8	1	21
200	7	1	21
201	6	1	21
202	5	1	21
203	4	1	21
204	5	2	22
205	4	1	21
206	3	1	21
207	2	1	21
208	1	1	21
209	2	2	22
210	1	1	21
211	12	1	21
212	11	1	21
213	10	1	21
214	9	1	21
215	8	1	21
216	7	1	21
217	6	1	21
218	5	1	21
219	4	1	21
220	3	1	21
221	2	1	21
222	3	2	22
223	2	1	21
224	1	1	21
225	12	1	21
226	11	1	21
227	10	1	21
228	9	1	21
229	8	1	21
230	9	2	22
231	8	1	21
232	7	1	21
233	6	1	21
234	5	1	21
235	4	1	21
236	3	1	21
237	2	1	21
238	1	1	21
239	12	1	21
240	11	1	21
241	10	1	21
242	9	1	21
243	8	1	21
244	7	1	21
245	6	1	21
246	5	1	21
247	4	1	21
248	3	1	21
249	2	1	21
250	1	1	21
251	12	1	21
252	11	1	21
253	10	1	21
254	9	1	21
255	8	1	21
256	7	1	21
257	8	2	22
258	7	1	21
259	6	1	21
260	5	1	21
261	4	1	21
262	3	1	21
263	2	1	21
264	1	1	21
265	12	1	21
266	11	1	21
267	10	1	21
268	9	1	21
269	8	1	21
270	7	1	21
271	6	1	21
272	5	1	21
273	4	1	21
274	3	1	21
275	2	1	21
276	1	1	21
277	12	1	21
278	11	1	21
279	10	1	21
280	9	1	21
281	8	1	21
282	7	1	21
283	8	2	22
284	7	1	21
285	6	1	21
286	5	1	21
287	4	1	21
288	3	1	21
289	2	1	21
290	1	1	21
291	12	1	21
292	11	1	21
293	10	1	21
294	9	1	21
295	8	1	21
296	7	1	21
297	6	1	21
298	5	1	21
299	6	2	22
300	5	1	21
301	4	1	21
302	3	1	21
303	2	1	21
304	1	1	21
305	12	1	21
306	11	1	21
307	10	1	21
308	9	1	21
309	8	1	21
310	7	1	21
311	8	2	22
312	7	1	21
313	6	1	21
314	5	1	21
315	4	1	21
316	3	1	21
317	2	1	21
318	1	1	21
319	12	1	21
320	11	1	21
321	10	1	21
322	9	1	21
323	8	1	21
324	7	1	21
325	6	1	21
326	5	1	21
327	4	1	21
328	3	1	21
329	2	1	21
330	1	1	21
331	2	2	22
332	1	1	21
333	12	1	21
334	11	1	21
335	10	1	21
336	9	1	21
337	8	1	21
338	7	1	21
339	6	1	21
340	5	1	21
341	4	1	21
342	3	1	21
343	2	1	21
344	1	1	21
345	12	1	21
346	11	1	21
347	10	1	21
348	9	1	21
349	8	1	21
350	9	2	22
351	8	1	21
352	7	1	21
353	6	1	21
354	5	1	21
355	4	1	21
356	3	1	21
357	2	1	21
358	1	1	21
359	12	1	21
360	1	2	22
361	12	1	21
362	11	1	21
363	10	1	21
364	9	1	21
365	10	2	22
366	9	1	21
367	8	1	21
368	7	1	21
369	6	1	21
370	5	1	21
371	4	1	21
372	3	1	21
373	2	1	21
374	1	1	21
375	12	1	21
376	1	2	22
377	12	1	21
378	11	1	21
379	10	1	21
380	9	1	21
381	8	1	21
382	7	1	21
383	8	2	22
384	7	1	21
385	6	1	21
386	5	1	21
387	4	1	21
388	3	1	21
389	2	1	21
390	1	1	21
391	12	1	21
392	11	1	21
393	10	1	21
394	11	2	22
395	10	1	21
396	9	1	21
397	8	1	21
398	7	1	21
399	6	1	21
400	5	1	21
401	4	1	21
402	3	1	21
403	2	1	21
404	1	1	21
405	12	1	21
406	11	1	21
407	10	1	21
408	11	2	22
409	10	1	21
410	9	1	21
411	8	1	21
412	7	1	21
413	6	1	21
414	5	1	21
415	4	1	21
416	3	1	21
417	2	1	21
418	1	1	21
419	12	1	21
420	1	2	22
421	12	1	21
422	11	1	21
423	10	1	21
424	9	1	21
425	8	1	21
426	7	1	21
427	6	1	21
428	5	1	21
429	4	1	21
430	3	1	21
431	4	2	22
432	3	1	21
433	2	1	21
434	1	1	21
435	12	1	21
436	11	1	21
437	10	1	21
438	9	1	21
439	8	1	21
440	7	1	21
441	6	1	21
442	5	1	21
443	4	1	21
444	3	1	21
445	2	1	21
446	1	1	21
447	12	1	21
448	11	1	21
449	10	1	21
450	9	1	21
451	10	2	22
452	9	1	21
453	8	1	21
454	7	1	21
455	6	1	21
456	5	1	21
457	6	2	22
458	5	1	21
459	4	1	21
460	3	1	21
461	2	1	21
462	1	1	21
463	12	1	21
464	11	1	21
465	10	1	21
466	9	1	21
467	8	1	21
468	7	1	21
469	6	1	21
470	5	1	21
471	4	1	21
472	3	1	21
473	2	1	21
474	1	1	21
475	2	2	22
476	1	1	21
477	12	1	21
478	11	1	21
479	10	1	21
480	9	1	21
481	8	1	21
482	7	1	21
483	6	1	21
484	5	1	21
485	4	1	21
486	5	2	22
487	4	1	21
488	3	1	21
489	2	1	21
490	1	1	21
491	12	1	21
492	11	1	21
493	10	1	21
494	9	1	21
495	8	1	21
496	7	1	21
497	6	1	21
498	5	1	21
499	4	1	21
500	3	1	21
501	4	2	22
502	3	1	21
503	2	1	21
504	1	1	21
505	12	1	21
506	11	1	21
507	12	2	22
508	11	1	21
509	10	1	21
510	9	1	21
511	8	1	21
512	7	1	21
513	6	1	21
514	7	2	22
515	6	1	21
516	5	1	21
517	4	1	21
518	3	1	21
519	2	1	21
520	1	1	21
521	2	2	22
522	1	1	21
523	12	1	21
524	11	1	21
525	10	1	21
526	9	1	21
527	10	2	22
528	9	1	21
529	8	1	21
530	7	1	21
531	6	1	21
532	5	1	21
533	6	2	22
534	5	1	21
535	4	1	21
536	3	1	21
537	4	2	22
538	3	1	21
539	2	1	21
540	1	1	21
541	12	1	21
542	11	1	21
543	10	1	21
544	11	2	22
545	10	1	21
546	9	1	21
547	8	1	21
548	7	1	21
549	6	1	21
550	5	1	21
551	4	1	21
552	3	1	21
553	2	1	21
554	1	1	21
555	12	1	21
556	11	1	21
557	10	1	21
558	9	1	21
559	10	2	22
560	9	1	21
561	8	1	21
562	7	1	21
563	6	1	21
564	5	1	21
565	4	1	21
566	3	1	21
567	2	1	21
568	1	1	21
569	12	1	21
570	11	1	21
571	10	1	21
572	9	1	21
573	8	1	21
574	7	1	21
575	6	1	21
576	7	2	22
577	6	1	21
578	5	1	21
579	4	1	21
580	3	1	21
581	4	2	22
582	3	1	21
583	2	1	21
584	1	1	21
585	12	1	21
586	11	1	21
587	10	1	21
588	9	1	21
589	8	1	21
590	9	2	22
591	8	1	21
592	7	1	21
593	6	1	21
594	5	1	21
595	6	2	22
596	5	1	21
597	4	1	21
598	3	1	21
599	2	1	21
600	1	1	21
601	12	1	21
602	11	1	21
603	10	1	21
604	9	1	21
605	10	2	22
606	9	1	21
607	8	1	21
608	7	1	21
609	6	1	21
610	5	1	21
611	4	1	21
612	3	1	21
613	2	1	21
614	1	1	21
615	12	1	21
616	11	1	21
617	10	1	21
618	9	1	21
619	8	1	21
620	7	1	21
621	6	1	21
622	5	1	21
623	4	1	21
624	5	2	22
625	4	1	21
626	3	1	21
627	2	1	21
628	3	2	22
629	2	1	21
630	1	1	21
631	12	1	21
632	1	2	22
633	12	1	21
634	11	1	21
635	10	1	21
636	9	1	21
637	8	1	21
638	7	1	21
639	6	1	21
640	5	1	21
641	4	1	21
642	3	1	21
643	2	1	21
644	1	1	21
645	12	1	21
646	11	1	21
647	10	1	21
648	9	1	21
649	8	1	21
650	9	2	22
651	8	1	21
652	7	1	21
653	6	1	21
654	5	1	21
655	4	1	21
656	3	1	21
657	2	1	21
658	1	1	21
659	12	1	21
660	11	1	21
661	10	1	21
662	9	1	21
663	8	1	21
664	7	1	21
665	6	1	21
666	5	1	21
667	4	1	21
668	3	1	21
669	2	1	21
670	1	1	21
671	2	2	22
672	1	1	21
673	12	1	21
674	11	1	21
675	10	1	21
676	9	1	21
677	8	1	21
678	7	1	21
679	6	1	21
680	5	1	21
681	4	1	21
682	3	1	21
683	2	1	21
684	3	2	22
685	2	1	21
686	1	1	21
687	12	1	21
688	11	1	21
689	10	1	21
690	9	1	21
691	8	1	21
692	7	1	21
693	6	1	21
694	5	1	21
695	4	1	21
696	3	1	21
697	2	1	21
698	1	1	21
699	12	1	21
700	11	1	21
701	12	2	22
702	11	1	21
703	10	1	21
704	9	1	21
705	8	1	21
706	7	1	21
707	6	1	21
708	5	1	21
709	6	2	22
710	5	1	21
711	4	1	21
712	3	1	21
713	2	1	21
714	1	1	21
715	12	1	21
716	11	1	21
717	10	1	21
718	9	1	21
719	8	1	21
720	7	1	21
721	8	2	22
722	7	1	21
723	6	1	21
724	5	1	21
725	4	1	21
726	3	1	21
727	2	1	21
728	1	1	21
729	12	1	21
730	11	1	21
731	10	1	21
732	9	1	21
733	8	1	21
734	7	1	21
735	6	1	21
736	7	2	22
737	6	1	21
738	5	1	21
739	4	1	21
740	3	1	21
741	2	1	21
742	1	1	21
743	12	1	21
744	11	1	21
745	12	2	22
746	11	1	21
747	10	1	21
748	9	1	21
749	8	1	21
750	7	1	21
751	6	1	21
752	5	1	21
753	4	1	21
754	5	2	22
755	4	1	21
756	3	1	21
757	2	1	21
758	1	1	21
759	12	1	21
760	11	1	21
761	10	1	21
762	9	1	21
763	8	1	21
764	7	1	21
765	8	2	22
766	7	1	21
767	6	1	21
768	5	1	21
769	4	1	21
770	3	1	21
771	2	1	21
772	3	2	22
773	2	1	21
774	1	1	21
775	12	1	21
776	11	1	21
777	12	2	22
778	11	1	21
779	10	1	21
780	9	1	21
781	8	1	21
782	9	2	22
783	8	1	21
784	7	1	21
785	6	1	21
786	5	1	21
787	4	1	21
788	3	1	21
789	2	1	21
790	1	1	21
791	2	2	22
792	1	1	21
793	12	1	21
794	11	1	21
795	12	2	22
796	11	1	21
797	10	1	21
798	9	1	21
799	8	1	21
800	7	1	21
801	6	1	21
802	5	1	21
803	4	1	21
804	5	2	22
805	4	1	21
806	3	1	21
807	2	1	21
808	1	1	21
809	12	1	21
810	11	1	21
811	10	1	21
812	11	2	22
813	10	1	21
814	9	1	21
815	8	1	21
816	7	1	21
817	6	1	21
818	5	1	21
819	4	1	21
820	3	1	21
