1	12	1	21
2	11	1	21
3	10	1	21
4	9	1	21
5	8	1	21
6	7	1	21
7	8	2	22
8	7	1	21
9	6	1	21
10	5	1	21
11	6	2	22
12	5	1	21
13	4	1	21
14	3	1	21
15	2	1	21
16	1	1	21
17	12	1	21
18	11	1	21
19	10	1	21
20	9	1	21
21	8	1	21
22	7	1	21
23	8	2	22
24	7	1	21
25	6	1	21
26	5	1	21
27	4	1	21
28	5	2	22
29	4	1	21
30	3	1	21
31	2	1	21
32	1	1	21
33	12	1	21
34	11	1	21
35	12	2	22
36	11	1	21
37	10	1	21
38	9	1	21
39	8	1	21
40	7	1	21
41	8	2	22
42	7	1	21
43	6	1	21
44	5	1	21
45	4	1	21
46	5	2	22
47	4	1	21
48	3	1	21
49	2	1	21
50	1	1	21
51	12	1	21
52	11	1	21
53	10	1	21
54	9	1	21
55	8	1	21
56	7	1	21
57	6	1	21
58	5	1	21
59	4	1	21
60	3	1	21
61	2	1	21
62	1	1	21
63	12	1	21
64	11	1	21
65	10	1	21
66	9	1	21
67	10	2	22
68	9	1	21
69	8	1	21
70	7	1	21
71	6	1	21
72	5	1	21
73	4	1	21
74	3	1	21
75	2	1	21
76	1	1	21
77	12	1	21
78	11	1	21
79	10	1	21
80	9	1	21
81	8	1	21
82	7	1	21
83	6	1	21
84	5	1	21
85	4	1	21
86	3	1	21
87	4	2	22
88	3	1	21
89	2	1	21
90	1	1	21
91	12	1	21
92	11	1	21
93	10	1	21
94	9	1	21
95	8	1	21
96	7	1	21
97	6	1	21
98	7	2	22
99	6	1	21
100	5	1	21
101	4	1	21
102	3	1	21
103	2	1	21
104	1	1	21
105	12	1	21
106	11	1	21
107	10	1	21
108	9	1	21
109	8	1	21
110	7	1	21
111	6	1	21
112	7	2	22
113	6	1	21
114	5	1	21
115	4	1	21
116	3	1	21
117	2	1	21
118	1	1	21
119	12	1	21
120	11	1	21
121	10	1	21
122	9	1	21
123	8	1	21
124	7	1	21
125	6	1	21
126	5	1	21
127	4	1	21
128	3	1	21
129	2	1	21
130	1	1	21
131	12	1	21
132	11	1	21
133	10	1	21
134	9	1	21
135	8	1	21
136	9	2	22
137	8	1	21
138	7	1	21
139	6	1	21
140	5	1	21
141	4	1	21
142	3	1	21
143	2	1	21
144	1	1	21
145	12	1	21
146	11	1	21
147	10	1	21
148	9	1	21
149	8	1	21
150	7	1	21
151	6	1	21
152	5	1	21
153	4	1	21
154	3	1	21
155	2	1	21
156	1	1	21
157	2	2	22
158	1	1	21
159	12	1	21
160	11	1	21
161	12	2	22
162	11	1	21
163	10	1	21
164	9	1	21
165	8	1	21
166	7	1	21
167	6	1	21
168	5	1	21
169	4	1	21
170	3	1	21
171	2	1	21
172	1	1	21
173	12	1	21
174	11	1	21
175	10	1	21
176	9	1	21
177	8	1	21
178	7	1	21
179	6	1	21
180	5	1	21
181	4	1	21
182	3	1	21
183	4	2	22
184	3	1	21
185	2	1	21
186	1	1	21
187	12	1	21
188	1	2	22
189	12	1	21
190	11	1	21
191	10	1	21
192	9	1	21
193	8	1	21
194	7	1	21
195	6	1	21
196	5	1	21
197	6	2	22
198	5	1	21
199	4	1	21
200	3	1	21
201	2	1	21
202	3	2	22
203	2	1	21
204	1	1	21
205	12	1	21
206	11	1	21
207	10	1	21
208	9	1	21
209	8	1	21
210	7	1	21
211	8	2	22
212	7	1	21
213	6	1	21
214	5	1	21
215	6	2	22
216	5	1	21
217	4	1	21
218	3	1	21
219	4	2	22
220	3	1	21
221	2	1	21
222	1	1	21
223	12	1	21
224	11	1	21
225	10	1	21
226	9	1	21
227	8	1	21
228	9	2	22
229	8	1	21
230	7	1	21
231	6	1	21
232	5	1	21
233	4	1	21
234	5	2	22
235	4	1	21
236	3	1	21
237	2	1	21
238	1	1	21
239	12	1	21
240	11	1	21
241	10	1	21
242	9	1	21
243	8	1	21
244	7	1	21
245	6	1	21
246	5	1	21
247	4	1	21
248	3	1	21
249	2	1	21
250	1	1	21
251	12	1	21
252	11	1	21
253	10	1	21
254	9	1	21
255	8	1	21
256	7	1	21
257	6	1	21
258	5	1	21
259	4	1	21
260	3	1	21
261	2	1	21
262	1	1	21
263	2	2	22
264	1	1	21
265	12	1	21
266	11	1	21
267	10	1	21
268	9	1	21
269	10	2	22
270	9	1	21
271	8	1	21
272	7	1	21
273	6	1	21
274	5	1	21
275	6	2	22
276	5	1	21
277	4	1	21
278	3	1	21
279	2	1	21
280	1	1	21
281	12	1	21
282	11	1	21
283	10	1	21
284	9	1	21
285	8	1	21
286	7	1	21
287	6	1	21
288	7	2	22
289	6	1	21
290	5	1	21
291	4	1	21
292	3	1	21
293	4	2	22
294	3	1	21
295	2	1	21
296	1	1	21
297	12	1	21
298	11	1	21
299	10	1	21
300	11	2	22
301	10	1	21
302	9	1	21
303	8	1	21
304	9	2	22
305	8	1	21
306	7	1	21
307	6	1	21
308	5	1	21
309	4	1	21
310	3	1	21
311	2	1	21
312	1	1	21
313	12	1	21
314	1	2	22
315	12	1	21
316	11	1	21
317	10	1	21
318	9	1	21
319	8	1	21
320	7	1	21
321	6	1	21
322	5	1	21
323	4	1	21
324	3	1	21
325	2	1	21
326	1	1	21
327	12	1	21
328	11	1	21
329	10	1	21
330	9	1	21
331	8	1	21
332	9	2	22
333	8	1	21
334	7	1	21
335	6	1	21
336	5	1	21
337	6	2	22
338	5	1	21
339	4	1	21
340	3	1	21
341	2	1	21
342	1	1	21
343	12	1	21
344	11	1	21
345	10	1	21
346	11	2	22
347	10	1	21
348	9	1	21
349	8	1	21
350	7	1	21
351	6	1	21
352	5	1	21
353	4	1	21
354	3	1	21
355	2	1	21
356	1	1	21
357	12	1	21
358	11	1	21
359	10	1	21
360	11	2	22
361	10	1	21
362	9	1	21
363	8	1	21
364	7	1	21
365	8	2	22
366	7	1	21
367	6	1	21
368	5	1	21
369	4	1	21
370	3	1	21
371	2	1	21
372	1	1	21
373	2	2	22
374	1	1	21
375	12	1	21
376	11	1	21
377	10	1	21
378	11	2	22
379	10	1	21
380	9	1	21
381	8	1	21
382	7	1	21
383	6	1	21
384	5	1	21
385	4	1	21
386	3	1	21
387	2	1	21
388	1	1	21
389	12	1	21
390	11	1	21
391	10	1	21
392	11	2	22
393	10	1	21
394	9	1	21
395	8	1	21
396	7	1	21
397	6	1	21
398	5	1	21
399	4	1	21
400	5	2	22
401	4	1	21
402	3	1	21
403	2	1	21
404	1	1	21
405	12	1	21
406	11	1	21
407	10	1	21
408	9	1	21
409	8	1	21
410	7	1	21
411	6	1	21
412	5	1	21
413	4	1	21
414	3	1	21
415	2	1	21
416	1	1	21
417	12	1	21
418	11	1	21
419	12	2	22
420	11	1	21
421	10	1	21
422	9	1	21
423	8	1	21
424	7	1	21
425	6	1	21
426	5	1	21
427	4	1	21
428	3	1	21
429	2	1	21
430	1	1	21
431	12	1	21
432	11	1	21
433	12	2	22
434	11	1	21
435	10	1	21
436	9	1	21
437	8	1	21
438	7	1	21
439	6	1	21
440	7	2	22
441	6	1	21
442	5	1	21
443	4	1	21
444	3	1	21
445	2	1	21
446	1	1	21
447	12	1	21
448	11	1	21
449	10	1	21
450	9	1	21
451	8	1	21
452	7	1	21
453	8	2	22
454	7	1	21
455	6	1	21
456	5	1	21
457	4	1	21
458	3	1	21
459	2	1	21
460	1	1	21
461	12	1	21
462	11	1	21
463	10	1	21
464	9	1	21
465	8	1	21
466	7	1	21
467	6	1	21
468	5	1	21
469	4	1	21
470	3	1	21
471	2	1	21
472	1	1	21
473	12	1	21
474	1	2	22
475	12	1	21
476	11	1	21
477	10	1	21
478	9	1	21
479	8	1	21
480	7	1	21
481	6	1	21
482	5	1	21
483	4	1	21
484	3	1	21
485	2	1	21
486	1	1	21
487	12	1	21
488	11	1	21
489	10	1	21
490	9	1	21
491	8	1	21
492	7	1	21
493	6	1	21
494	5	1	21
495	4	1	21
496	3	1	21
497	2	1	21
498	1	1	21
499	12	1	21
500	11	1	21
501	10	1	21
502	9	1	21
503	8	1	21
504	7	1	21
505	6	1	21
506	5	1	21
507	6	2	22
508	5	1	21
509	4	1	21
510	3	1	21
511	2	1	21
512	1	1	21
513	12	1	21
514	11	1	21
515	10	1	21
516	9	1	21
517	8	1	21
518	7	1	21
519	6	1	21
520	5	1	21
521	4	1	21
522	3	1	21
523	2	1	21
524	3	2	22
525	2	1	21
526	1	1	21
527	12	1	21
528	11	1	21
529	10	1	21
530	11	2	22
531	10	1	21
532	9	1	21
533	8	1	21
534	7	1	21
535	6	1	21
536	5	1	21
537	4	1	21
538	3	1	21
539	2	1	21
540	3	2	22
541	2	1	21
542	1	1	21
543	12	1	21
544	11	1	21
545	10	1	21
546	9	1	21
547	8	1	21
548	7	1	21
549	6	1	21
550	5	1	21
551	4	1	21
552	3	1	21
553	2	1	21
554	1	1	21
555	2	2	22
556	1	1	21
557	12	1	21
558	11	1	21
559	10	1	21
560	9	1	21
561	8	1	21
562	7	1	21
563	6	1	21
564	5	1	21
565	4	1	21
566	3	1	21
567	2	1	21
568	1	1	21
569	12	1	21
570	11	1	21
571	10	1	21
572	9	1	21
573	8	1	21
574	7	1	21
575	6	1	21
576	5	1	21
577	4	1	21
578	3	1	21
579	2	1	21
580	1	1	21
581	2	2	22
582	1	1	21
583	12	1	21
584	11	1	21
585	10	1	21
586	9	1	21
587	10	2	22
588	9	1	21
589	8	1	21
590	7	1	21
591	6	1	21
592	5	1	21
593	4	1	21
594	3	1	21
595	2	1	21
596	3	2	22
597	2	1	21
598	1	1	21
599	12	1	21
600	11	1	21
601	10	1	21
602	9	1	21
603	8	1	21
604	7	1	21
605	6	1	21
606	5	1	21
607	4	1	21
608	3	1	21
609	2	1	21
610	1	1	21
611	12	1	21
612	11	1	21
613	10	1	21
614	9	1	21
615	8	1	21
616	9	2	22
617	8	1	21
618	7	1	21
619	6	1	21
620	5	1	21
621	4	1	21
622	3	1	21
623	2	1	21
624	1	1	21
625	12	1	21
626	11	1	21
627	10	1	21
628	9	1	21
629	8	1	21
630	7	1	21
631	6	1	21
632	5	1	21
633	4	1	21
634	3	1	21
635	2	1	21
636	1	1	21
637	2	2	22
638	1	1	21
639	12	1	21
640	11	1	21
641	10	1	21
642	9	1	21
643	8	1	21
644	7	1	21
645	6	1	21
646	5	1	21
647	4	1	21
648	3	1	21
649	2	1	21
650	1	1	21
651	12	1	21
652	1	2	22
653	12	1	21
654	11	1	21
655	10	1	21
656	9	1	21
657	8	1	21
658	7	1	21
659	6	1	21
660	5	1	21
661	4	1	21
662	3	1	21
663	2	1	21
664	1	1	21
665	12	1	21
666	11	1	21
667	10	1	21
668	9	1	21
669	8	1	21
670	7	1	21
671	6	1	21
672	5	1	21
673	4	1	21
674	5	2	22
675	4	1	21
676	3	1	21
677	2	1	21
678	1	1	21
679	12	1	21
680	1	2	22
681	12	1	21
682	11	1	21
683	10	1	21
684	9	1	21
685	8	1	21
686	7	1	21
687	6	1	21
688	7	2	22
689	6	1	21
690	5	1	21
691	4	1	21
692	3	1	21
693	2	1	21
694	1	1	21
695	12	1	21
696	11	1	21
697	10	1	21
698	9	1	21
699	8	1	21
700	9	2	22
701	8	1	21
702	7	1	21
703	6	1	21
704	5	1	21
705	4	1	21
706	3	1	21
707	2	1	21
708	1	1	21
709	12	1	21
710	1	2	22
711	12	1	21
712	11	1	21
713	10	1	21
714	9	1	21
715	8	1	21
716	7	1	21
717	6	1	21
718	7	2	22
719	6	1	21
720	5	1	21
721	4	1	21
722	5	2	22
723	4	1	21
724	3	1	21
725	2	1	21
726	3	2	22
727	2	1	21
728	1	1	21
729	12	1	21
730	11	1	21
731	12	2	22
732	11	1	21
733	10	1	21
734	9	1	21
735	10	2	22
736	9	1	21
737	8	1	21
738	7	1	21
739	6	1	21
740	5	1	21
741	4	1	21
742	3	1	21
743	4	2	22
744	3	1	21
745	2	1	21
746	1	1	21
747	2	2	22
748	1	1	21
749	12	1	21
750	11	1	21
751	12	2	22
752	11	1	21
753	10	1	21
754	9	1	21
755	8	1	21
756	7	1	21
757	6	1	21
758	5	1	21
759	4	1	21
760	3	1	21
761	2	1	21
762	1	1	21
763	12	1	21
764	11	1	21
765	10	1	21
766	9	1	21
767	8	1	21
768	7	1	21
769	6	1	21
770	5	1	21
771	4	1	21
772	3	1	21
773	2	1	21
774	3	2	22
775	2	1	21
776	1	1	21
777	12	1	21
778	11	1	21
779	12	2	22
780	11	1	21
781	10	1	21
782	9	1	21
783	10	2	22
784	9	1	21
785	8	1	21
786	7	1	21
787	6	1	21
788	5	1	21
789	4	1	21
790	3	1	21
791	4	2	22
792	3	1	21
793	2	1	21
794	1	1	21
795	12	1	21
796	11	1	21
797	10	1	21
798	9	1	21
799	8	1	21
800	7	1	21
801	6	1	21
802	5	1	21
803	4	1	21
804	3	1	21
805	2	1	21
806	1	1	21
807	12	1	21
808	11	1	21
809	10	1	21
810	9	1	21
811	10	2	22
812	9	1	21
813	8	1	21
814	7	1	21
815	6	1	21
816	7	2	22
817	6	1	21
818	5	1	21
819	4	1	21
820	3	1	21
