1	12	1	21
2	11	1	21
3	10	1	21
4	11	2	22
5	10	1	21
6	9	1	21
7	8	1	21
8	7	1	21
9	8	2	22
10	7	1	21
11	6	1	21
12	5	1	21
13	4	1	21
14	3	1	21
15	2	1	21
16	1	1	21
17	12	1	21
18	11	1	21
19	10	1	21
20	9	1	21
21	8	1	21
22	7	1	21
23	6	1	21
24	7	2	22
25	6	1	21
26	5	1	21
27	4	1	21
28	3	1	21
29	2	1	21
30	1	1	21
31	12	1	21
32	11	1	21
33	12	2	22
34	11	1	21
35	10	1	21
36	9	1	21
37	10	2	22
38	9	1	21
39	8	1	21
40	7	1	21
41	6	1	21
42	5	1	21
43	4	1	21
44	3	1	21
45	2	1	21
46	1	1	21
47	12	1	21
48	1	2	22
49	12	1	21
50	11	1	21
51	10	1	21
52	9	1	21
53	8	1	21
54	7	1	21
55	6	1	21
56	5	1	21
57	4	1	21
58	3	1	21
59	4	2	22
60	3	1	21
61	2	1	21
62	1	1	21
63	12	1	21
64	11	1	21
65	10	1	21
66	9	1	21
67	8	1	21
68	7	1	21
69	6	1	21
70	5	1	21
71	4	1	21
72	3	1	21
73	2	1	21
74	1	1	21
75	12	1	21
76	11	1	21
77	10	1	21
78	9	1	21
79	8	1	21
80	7	1	21
81	6	1	21
82	5	1	21
83	4	1	21
84	3	1	21
85	2	1	21
86	1	1	21
87	12	1	21
88	11	1	21
89	10	1	21
90	9	1	21
91	8	1	21
92	7	1	21
93	6	1	21
94	5	1	21
95	4	1	21
96	3	1	21
97	2	1	21
98	1	1	21
99	12	1	21
100	11	1	21
101	10	1	21
102	9	1	21
103	10	2	22
104	9	1	21
105	8	1	21
106	7	1	21
107	6	1	21
108	5	1	21
109	6	2	22
110	5	1	21
111	4	1	21
112	3	1	21
113	2	1	21
114	1	1	21
115	12	1	21
116	11	1	21
117	10	1	21
118	11	2	22
119	10	1	21
120	9	1	21
121	8	1	21
122	7	1	21
123	6	1	21
124	7	2	22
125	6	1	21
126	5	1	21
127	4	1	21
128	3	1	21
129	2	1	21
130	1	1	21
131	12	1	21
132	11	1	21
133	10	1	21
134	9	1	21
135	10	2	22
136	9	1	21
137	8	1	21
138	7	1	21
139	6	1	21
140	5	1	21
141	4	1	21
142	3	1	21
143	2	1	21
144	1	1	21
145	12	1	21
146	11	1	21
147	10	1	21
148	9	1	21
149	8	1	21
150	7	1	21
151	6	1	21
152	5	1	21
153	4	1	21
154	3	1	21
155	2	1	21
156	1	1	21
157	12	1	21
158	11	1	21
159	10	1	21
160	9	1	21
161	8	1	21
162	7	1	21
163	6	1	21
164	5	1	21
165	4	1	21
166	3	1	21
167	2	1	21
168	1	1	21
169	12	1	21
170	1	2	22
171	12	1	21
172	11	1	21
173	10	1	21
174	11	2	22
175	10	1	21
176	9	1	21
177	8	1	21
178	7	1	21
179	6	1	21
180	5	1	21
181	4	1	21
182	3	1	21
183	2	1	21
184	1	1	21
185	12	1	21
186	11	1	21
187	10	1	21
188	9	1	21
189	8	1	21
190	7	1	21
191	6	1	21
192	5	1	21
193	4	1	21
194	3	1	21
195	2	1	21
196	1	1	21
197	12	1	21
198	11	1	21
199	10	1	21
200	9	1	21
201	8	1	21
202	7	1	21
203	6	1	21
204	5	1	21
205	4	1	21
206	3	1	21
207	2	1	21
208	1	1	21
209	12	1	21
210	1	2	22
211	12	1	21
212	11	1	21
213	10	1	21
214	9	1	21
215	8	1	21
216	7	1	21
217	6	1	21
218	5	1	21
219	4	1	21
220	3	1	21
221	4	2	22
222	3	1	21
223	2	1	21
224	1	1	21
225	12	1	21
226	11	1	21
227	10	1	21
228	9	1	21
229	8	1	21
230	7	1	21
231	8	2	22
232	7	1	21
233	6	1	21
234	5	1	21
235	4	1	21
236	3	1	21
237	2	1	21
238	3	2	22
239	2	1	21
240	1	1	21
241	12	1	21
242	11	1	21
243	10	1	21
244	9	1	21
245	8	1	21
246	7	1	21
247	6	1	21
248	5	1	21
249	4	1	21
250	5	2	22
251	4	1	21
252	3	1	21
253	2	1	21
254	1	1	21
255	12	1	21
256	11	1	21
257	10	1	21
258	9	1	21
259	8	1	21
260	7	1	21
261	6	1	21
262	5	1	21
263	4	1	21
264	3	1	21
265	2	1	21
266	1	1	21
267	12	1	21
268	11	1	21
269	10	1	21
270	9	1	21
271	8	1	21
272	7	1	21
273	6	1	21
274	5	1	21
275	4	1	21
276	5	2	22
277	4	1	21
278	3	1	21
279	2	1	21
280	3	2	22
281	2	1	21
282	1	1	21
283	12	1	21
284	11	1	21
285	10	1	21
286	9	1	21
287	10	2	22
288	9	1	21
289	8	1	21
290	7	1	21
291	6	1	21
292	7	2	22
293	6	1	21
294	5	1	21
295	4	1	21
296	3	1	21
297	2	1	21
298	1	1	21
299	12	1	21
300	11	1	21
301	10	1	21
302	11	2	22
303	10	1	21
304	9	1	21
305	8	1	21
306	9	2	22
307	8	1	21
308	7	1	21
309	6	1	21
310	7	2	22
311	6	1	21
312	5	1	21
313	4	1	21
314	5	2	22
315	4	1	21
316	3	1	21
317	2	1	21
318	3	2	22
319	2	1	21
320	1	1	21
321	12	1	21
322	11	1	21
323	10	1	21
324	9	1	21
325	8	1	21
326	7	1	21
327	6	1	21
328	7	2	22
329	6	1	21
330	5	1	21
331	4	1	21
332	3	1	21
333	2	1	21
334	1	1	21
335	12	1	21
336	11	1	21
337	10	1	21
338	9	1	21
339	8	1	21
340	7	1	21
341	6	1	21
342	5	1	21
343	4	1	21
344	3	1	21
345	2	1	21
346	1	1	21
347	12	1	21
348	11	1	21
349	10	1	21
350	9	1	21
351	8	1	21
352	7	1	21
353	8	2	22
354	7	1	21
355	6	1	21
356	5	1	21
357	4	1	21
358	3	1	21
359	2	1	21
360	1	1	21
361	12	1	21
362	11	1	21
363	10	1	21
364	9	1	21
365	8	1	21
366	9	2	22
367	8	1	21
368	7	1	21
369	6	1	21
370	5	1	21
371	4	1	21
372	5	2	22
373	4	1	21
374	3	1	21
375	2	1	21
376	1	1	21
377	2	2	22
378	1	1	21
379	12	1	21
380	11	1	21
381	12	2	22
382	11	1	21
383	10	1	21
384	9	1	21
385	8	1	21
386	7	1	21
387	6	1	21
388	5	1	21
389	4	1	21
390	3	1	21
391	2	1	21
392	1	1	21
393	12	1	21
394	11	1	21
395	10	1	21
396	9	1	21
397	8	1	21
398	9	2	22
399	8	1	21
400	7	1	21
401	6	1	21
402	5	1	21
403	4	1	21
404	3	1	21
405	4	2	22
406	3	1	21
407	2	1	21
408	1	1	21
409	2	2	22
410	1	1	21
411	12	1	21
412	11	1	21
413	10	1	21
414	9	1	21
415	8	1	21
416	7	1	21
417	6	1	21
418	5	1	21
419	4	1	21
420	3	1	21
421	2	1	21
422	3	2	22
423	2	1	21
424	1	1	21
425	12	1	21
426	11	1	21
427	10	1	21
428	9	1	21
429	8	1	21
430	9	2	22
431	8	1	21
432	7	1	21
433	6	1	21
434	5	1	21
435	4	1	21
436	3	1	21
437	2	1	21
438	3	2	22
439	2	1	21
440	1	1	21
441	12	1	21
442	11	1	21
443	10	1	21
444	9	1	21
445	8	1	21
446	7	1	21
447	6	1	21
448	5	1	21
449	4	1	21
450	3	1	21
451	2	1	21
452	1	1	21
453	12	1	21
454	11	1	21
455	12	2	22
456	11	1	21
457	10	1	21
458	9	1	21
459	8	1	21
460	9	2	22
461	8	1	21
462	7	1	21
463	6	1	21
464	5	1	21
465	6	2	22
466	5	1	21
467	4	1	21
468	3	1	21
469	2	1	21
470	1	1	21
471	12	1	21
472	11	1	21
473	12	2	22
474	11	1	21
475	10	1	21
476	9	1	21
477	8	1	21
478	7	1	21
479	6	1	21
480	5	1	21
481	4	1	21
482	3	1	21
483	2	1	21
484	1	1	21
485	12	1	21
486	11	1	21
487	10	1	21
488	11	2	22
489	10	1	21
490	9	1	21
491	8	1	21
492	7	1	21
493	6	1	21
494	5	1	21
495	4	1	21
496	3	1	21
497	2	1	21
498	1	1	21
499	12	1	21
500	11	1	21
501	10	1	21
502	9	1	21
503	8	1	21
504	7	1	21
505	6	1	21
506	5	1	21
507	6	2	22
508	5	1	21
509	4	1	21
510	3	1	21
511	4	2	22
512	3	1	21
513	2	1	21
514	1	1	21
515	12	1	21
516	11	1	21
517	10	1	21
518	9	1	21
519	8	1	21
520	7	1	21
521	6	1	21
522	7	2	22
523	6	1	21
524	5	1	21
525	4	1	21
526	3	1	21
527	2	1	21
528	1	1	21
529	12	1	21
530	11	1	21
531	10	1	21
532	9	1	21
533	8	1	21
534	9	2	22
535	8	1	21
536	7	1	21
537	6	1	21
538	5	1	21
539	4	1	21
540	3	1	21
541	2	1	21
542	1	1	21
543	12	1	21
544	11	1	21
545	10	1	21
546	9	1	21
547	8	1	21
548	7	1	21
549	6	1	21
550	5	1	21
551	4	1	21
552	3	1	21
553	2	1	21
554	1	1	21
555	12	1	21
556	1	2	22
557	12	1	21
558	11	1	21
559	10	1	21
560	9	1	21
561	8	1	21
562	7	1	21
563	8	2	22
564	7	1	21
565	6	1	21
566	5	1	21
567	4	1	21
568	3	1	21
569	2	1	21
570	1	1	21
571	12	1	21
572	11	1	21
573	10	1	21
574	9	1	21
575	8	1	21
576	7	1	21
577	6	1	21
578	5	1	21
579	4	1	21
580	5	2	22
581	4	1	21
582	3	1	21
583	2	1	21
584	1	1	21
585	2	2	22
586	1	1	21
587	12	1	21
588	11	1	21
589	10	1	21
590	9	1	21
591	8	1	21
592	7	1	21
593	6	1	21
594	5	1	21
595	4	1	21
596	3	1	21
597	2	1	21
598	1	1	21
599	12	1	21
600	11	1	21
601	10	1	21
602	9	1	21
603	10	2	22
604	9	1	21
605	8	1	21
606	7	1	21
607	6	1	21
608	5	1	21
609	4	1	21
610	5	2	22
611	4	1	21
612	3	1	21
613	2	1	21
614	1	1	21
615	12	1	21
616	11	1	21
617	10	1	21
618	9	1	21
619	8	1	21
620	7	1	21
621	8	2	22
622	7	1	21
623	6	1	21
624	5	1	21
625	4	1	21
626	3	1	21
627	2	1	21
628	3	2	22
629	2	1	21
630	1	1	21
631	12	1	21
632	11	1	21
633	12	2	22
634	11	1	21
635	10	1	21
636	9	1	21
637	8	1	21
638	7	1	21
639	8	2	22
640	7	1	21
641	6	1	21
642	5	1	21
643	6	2	22
644	5	1	21
645	4	1	21
646	3	1	21
647	2	1	21
648	1	1	21
649	2	2	22
650	1	1	21
651	12	1	21
652	11	1	21
653	10	1	21
654	9	1	21
655	8	1	21
656	7	1	21
657	6	1	21
658	5	1	21
659	4	1	21
660	3	1	21
661	4	2	22
662	3	1	21
663	2	1	21
664	1	1	21
665	2	2	22
666	1	1	21
667	12	1	21
668	11	1	21
669	12	2	22
670	11	1	21
671	10	1	21
672	9	1	21
673	10	2	22
674	9	1	21
675	8	1	21
676	7	1	21
677	6	1	21
678	5	1	21
679	6	2	22
680	5	1	21
681	4	1	21
682	3	1	21
683	2	1	21
684	1	1	21
685	12	1	21
686	1	2	22
687	12	1	21
688	11	1	21
689	10	1	21
690	9	1	21
691	8	1	21
692	7	1	21
693	6	1	21
694	5	1	21
695	4	1	21
696	3	1	21
697	2	1	21
698	1	1	21
699	12	1	21
700	11	1	21
701	10	1	21
702	9	1	21
703	8	1	21
704	9	2	22
705	8	1	21
706	7	1	21
707	6	1	21
708	5	1	21
709	4	1	21
710	3	1	21
711	2	1	21
712	1	1	21
713	12	1	21
714	11	1	21
715	10	1	21
716	9	1	21
717	8	1	21
718	7	1	21
719	6	1	21
720	5	1	21
721	4	1	21
722	3	1	21
723	2	1	21
724	1	1	21
725	12	1	21
726	11	1	21
727	10	1	21
728	9	1	21
729	8	1	21
730	7	1	21
731	6	1	21
732	5	1	21
733	4	1	21
734	3	1	21
735	2	1	21
736	1	1	21
737	12	1	21
738	11	1	21
739	10	1	21
740	9	1	21
741	10	2	22
742	9	1	21
743	8	1	21
744	7	1	21
745	6	1	21
746	7	2	22
747	6	1	21
748	5	1	21
749	4	1	21
750	3	1	21
751	2	1	21
752	1	1	21
753	2	2	22
754	1	1	21
755	12	1	21
756	11	1	21
757	10	1	21
758	9	1	21
759	8	1	21
760	7	1	21
761	6	1	21
762	5	1	21
763	4	1	21
764	3	1	21
765	2	1	21
766	1	1	21
767	12	1	21
768	11	1	21
769	10	1	21
770	9	1	21
771	8	1	21
772	7	1	21
773	6	1	21
774	5	1	21
775	4	1	21
776	3	1	21
777	2	1	21
778	1	1	21
779	12	1	21
780	1	2	22
781	12	1	21
782	11	1	21
783	10	1	21
784	9	1	21
785	8	1	21
786	7	1	21
787	6	1	21
788	5	1	21
789	4	1	21
790	3	1	21
791	4	2	22
792	3	1	21
793	2	1	21
794	1	1	21
795	12	1	21
796	11	1	21
797	10	1	21
798	11	2	22
799	10	1	21
800	9	1	21
801	8	1	21
802	7	1	21
803	6	1	21
804	5	1	21
805	6	2	22
806	5	1	21
807	4	1	21
808	3	1	21
809	2	1	21
810	1	1	21
811	12	1	21
812	11	1	21
813	10	1	21
814	9	1	21
815	8	1	21
816	7	1	21
817	6	1	21
818	5	1	21
819	4	1	21
820	3	1	21
