1	12	1	41
2	11	1	41
3	10	1	41
4	9	1	41
5	8	1	41
6	7	1	41
7	6	1	41
8	5	1	41
9	4	1	41
10	5	2	42
11	4	1	41
12	3	1	41
13	2	1	41
14	1	1	41
15	12	1	41
16	11	1	41
17	12	2	42
18	11	1	41
19	10	1	41
20	9	1	41
21	8	1	41
22	7	1	41
23	6	1	41
24	5	1	41
25	4	1	41
26	3	1	41
27	2	1	41
28	3	2	42
29	2	1	41
30	1	1	41
31	12	1	41
32	11	1	41
33	10	1	41
34	9	1	41
35	8	1	41
36	9	2	42
37	8	1	41
38	7	1	41
39	6	1	41
40	7	2	42
41	6	1	41
42	5	1	41
43	4	1	41
44	3	1	41
45	2	1	41
46	1	1	41
47	12	1	41
48	11	1	41
49	10	1	41
50	9	1	41
51	8	1	41
52	9	2	42
53	8	1	41
54	7	1	41
55	6	1	41
56	5	1	41
57	4	1	41
58	3	1	41
59	4	2	42
60	3	1	41
61	2	1	41
62	1	1	41
63	12	1	41
64	11	1	41
65	10	1	41
66	9	1	41
67	8	1	41
68	7	1	41
69	6	1	41
70	5	1	41
71	4	1	41
72	5	2	42
73	4	1	41
74	3	1	41
75	2	1	41
76	1	1	41
77	12	1	41
78	11	1	41
79	10	1	41
80	9	1	41
81	8	1	41
82	7	1	41
83	6	1	41
84	5	1	41
85	4	1	41
86	3	1	41
87	2	1	41
88	1	1	41
89	2	2	42
90	1	1	41
91	12	1	41
92	11	1	41
93	10	1	41
94	9	1	41
95	8	1	41
96	7	1	41
97	6	1	41
98	5	1	41
99	4	1	41
100	3	1	41
101	2	1	41
102	1	1	41
103	12	1	41
104	11	1	41
105	10	1	41
106	9	1	41
107	8	1	41
108	7	1	41
109	6	1	41
110	5	1	41
111	4	1	41
112	3	1	41
113	2	1	41
114	3	2	42
115	2	1	41
116	1	1	41
117	12	1	41
118	11	1	41
119	12	2	42
120	11	1	41
121	10	1	41
122	9	1	41
123	8	1	41
124	7	1	41
125	6	1	41
126	7	2	42
127	6	1	41
128	5	1	41
129	4	1	41
130	3	1	41
131	2	1	41
132	1	1	41
133	12	1	41
134	11	1	41
135	10	1	41
136	11	2	42
137	10	1	41
138	9	1	41
139	8	1	41
140	7	1	41
141	6	1	41
142	5	1	41
143	4	1	41
144	3	1	41
145	2	1	41
146	3	2	42
147	2	1	41
148	1	1	41
149	12	1	41
150	11	1	41
151	10	1	41
152	9	1	41
153	8	1	41
154	7	1	41
155	6	1	41
156	5	1	41
157	4	1	41
158	3	1	41
159	2	1	41
160	1	1	41
161	12	1	41
162	11	1	41
163	10	1	41
164	9	1	41
165	8	1	41
166	7	1	41
167	8	2	42
168	7	1	41
169	6	1	41
170	5	1	41
171	4	1	41
172	3	1	41
173	4	2	42
174	3	1	41
175	2	1	41
176	1	1	41
177	12	1	41
178	11	1	41
179	10	1	41
180	11	2	42
181	10	1	41
182	9	1	41
183	8	1	41
184	7	1	41
185	6	1	41
186	7	2	42
187	6	1	41
188	5	1	41
189	4	1	41
190	3	1	41
191	2	1	41
192	1	1	41
193	12	1	41
194	11	1	41
195	10	1	41
196	9	1	41
197	8	1	41
198	7	1	41
199	8	2	42
200	7	1	41
201	6	1	41
202	5	1	41
203	4	1	41
204	3	1	41
205	2	1	41
206	1	1	41
207	12	1	41
208	11	1	41
209	10	1	41
210	11	2	42
211	10	1	41
212	9	1	41
213	8	1	41
214	7	1	41
215	8	2	42
216	7	1	41
217	6	1	41
218	5	1	41
219	4	1	41
220	3	1	41
221	4	2	42
222	3	1	41
223	2	1	41
224	1	1	41
225	12	1	41
226	11	1	41
227	10	1	41
228	11	2	42
229	10	1	41
230	9	1	41
231	8	1	41
232	7	1	41
233	6	1	41
234	5	1	41
235	4	1	41
236	3	1	41
237	2	1	41
238	3	2	42
239	2	1	41
240	1	1	41
241	12	1	41
242	11	1	41
243	10	1	41
244	9	1	41
245	8	1	41
246	7	1	41
247	6	1	41
248	5	1	41
249	6	2	42
250	5	1	41
251	4	1	41
252	3	1	41
253	2	1	41
254	1	1	41
255	2	2	42
256	1	1	41
257	12	1	41
258	11	1	41
259	10	1	41
260	9	1	41
261	8	1	41
262	7	1	41
263	6	1	41
264	5	1	41
265	4	1	41
266	3	1	41
267	2	1	41
268	1	1	41
269	12	1	41
270	11	1	41
271	10	1	41
272	9	1	41
273	8	1	41
274	7	1	41
275	6	1	41
276	5	1	41
277	4	1	41
278	5	2	42
279	4	1	41
280	3	1	41
281	2	1	41
282	3	2	42
283	2	1	41
284	1	1	41
285	12	1	41
286	11	1	41
287	12	2	42
288	11	1	41
289	10	1	41
290	9	1	41
291	8	1	41
292	7	1	41
293	6	1	41
294	5	1	41
295	6	2	42
296	5	1	41
297	4	1	41
298	3	1	41
299	2	1	41
300	1	1	41
301	12	1	41
302	11	1	41
303	10	1	41
304	9	1	41
305	8	1	41
306	7	1	41
307	6	1	41
308	7	2	42
309	6	1	41
310	5	1	41
311	4	1	41
312	3	1	41
313	2	1	41
314	1	1	41
315	12	1	41
316	11	1	41
317	10	1	41
318	9	1	41
319	8	1	41
320	7	1	41
321	6	1	41
322	5	1	41
323	4	1	41
324	3	1	41
325	2	1	41
326	1	1	41
327	2	2	42
328	1	1	41
329	12	1	41
330	11	1	41
331	10	1	41
332	9	1	41
333	10	2	42
334	9	1	41
335	8	1	41
336	7	1	41
337	6	1	41
338	5	1	41
339	6	2	42
340	5	1	41
341	4	1	41
342	3	1	41
343	2	1	41
344	1	1	41
345	12	1	41
346	11	1	41
347	12	2	42
348	11	1	41
349	10	1	41
350	9	1	41
351	8	1	41
352	7	1	41
353	8	2	42
354	7	1	41
355	6	1	41
356	5	1	41
357	6	2	42
358	5	1	41
359	4	1	41
360	3	1	41
361	2	1	41
362	1	1	41
363	2	2	42
364	1	1	41
365	12	1	41
366	11	1	41
367	10	1	41
368	9	1	41
369	8	1	41
370	7	1	41
371	6	1	41
372	5	1	41
373	4	1	41
374	3	1	41
375	2	1	41
376	1	1	41
377	12	1	41
378	11	1	41
379	10	1	41
380	9	1	41
381	8	1	41
382	7	1	41
383	6	1	41
384	5	1	41
385	6	2	42
386	5	1	41
387	4	1	41
388	3	1	41
389	2	1	41
390	1	1	41
391	12	1	41
392	11	1	41
393	10	1	41
394	9	1	41
395	8	1	41
396	9	2	42
397	8	1	41
398	7	1	41
399	6	1	41
400	5	1	41
401	4	1	41
402	3	1	41
403	2	1	41
404	1	1	41
405	12	1	41
406	11	1	41
407	10	1	41
408	9	1	41
409	10	2	42
410	9	1	41
411	8	1	41
412	7	1	41
413	6	1	41
414	5	1	41
415	4	1	41
416	3	1	41
417	2	1	41
418	1	1	41
419	12	1	41
420	11	1	41
421	10	1	41
422	9	1	41
423	10	2	42
424	9	1	41
425	8	1	41
426	7	1	41
427	6	1	41
428	5	1	41
429	4	1	41
430	3	1	41
431	2	1	41
432	1	1	41
433	12	1	41
434	11	1	41
435	10	1	41
436	9	1	41
437	8	1	41
438	7	1	41
439	8	2	42
440	7	1	41
441	6	1	41
442	5	1	41
443	4	1	41
444	3	1	41
445	2	1	41
446	1	1	41
447	2	2	42
448	1	1	41
449	12	1	41
450	11	1	41
451	10	1	41
452	9	1	41
453	8	1	41
454	7	1	41
455	6	1	41
456	5	1	41
457	4	1	41
458	3	1	41
459	2	1	41
460	1	1	41
461	12	1	41
462	11	1	41
463	10	1	41
464	11	2	42
465	10	1	41
466	9	1	41
467	8	1	41
468	9	2	42
469	8	1	41
470	7	1	41
471	6	1	41
472	5	1	41
473	4	1	41
474	3	1	41
475	2	1	41
476	1	1	41
477	12	1	41
478	11	1	41
479	10	1	41
480	11	2	42
481	10	1	41
482	9	1	41
483	8	1	41
484	7	1	41
485	6	1	41
486	5	1	41
487	4	1	41
488	3	1	41
489	2	1	41
490	1	1	41
491	12	1	41
492	11	1	41
493	10	1	41
494	9	1	41
495	10	2	42
496	9	1	41
497	8	1	41
498	7	1	41
499	6	1	41
500	5	1	41
501	4	1	41
502	3	1	41
503	2	1	41
504	1	1	41
505	12	1	41
506	11	1	41
507	10	1	41
508	9	1	41
509	8	1	41
510	7	1	41
511	6	1	41
512	5	1	41
513	6	2	42
514	5	1	41
515	4	1	41
516	3	1	41
517	2	1	41
518	1	1	41
519	12	1	41
520	11	1	41
521	10	1	41
522	9	1	41
523	8	1	41
524	9	2	42
525	8	1	41
526	7	1	41
527	6	1	41
528	5	1	41
529	4	1	41
530	3	1	41
531	2	1	41
532	1	1	41
533	12	1	41
534	11	1	41
535	10	1	41
536	9	1	41
537	8	1	41
538	7	1	41
539	6	1	41
540	5	1	41
541	4	1	41
542	3	1	41
543	2	1	41
544	1	1	41
545	12	1	41
546	11	1	41
547	10	1	41
548	9	1	41
549	10	2	42
550	9	1	41
551	8	1	41
552	7	1	41
553	6	1	41
554	5	1	41
555	4	1	41
556	3	1	41
557	4	2	42
558	3	1	41
559	2	1	41
560	1	1	41
561	12	1	41
562	11	1	41
563	12	2	42
564	11	1	41
565	10	1	41
566	9	1	41
567	8	1	41
568	7	1	41
569	6	1	41
570	5	1	41
571	4	1	41
572	3	1	41
573	2	1	41
574	1	1	41
575	12	1	41
576	11	1	41
577	10	1	41
578	9	1	41
579	10	2	42
580	9	1	41
581	8	1	41
582	7	1	41
583	6	1	41
584	5	1	41
585	4	1	41
586	3	1	41
587	2	1	41
588	1	1	41
589	12	1	41
590	11	1	41
591	10	1	41
592	11	2	42
593	10	1	41
594	9	1	41
595	8	1	41
596	7	1	41
597	6	1	41
598	5	1	41
599	4	1	41
600	3	1	41
601	4	2	42
602	3	1	41
603	2	1	41
604	1	1	41
605	12	1	41
606	11	1	41
607	10	1	41
608	9	1	41
609	8	1	41
610	9	2	42
611	8	1	41
612	7	1	41
613	6	1	41
614	5	1	41
615	6	2	42
616	5	1	41
617	4	1	41
618	3	1	41
619	4	2	42
620	3	1	41
621	2	1	41
622	1	1	41
623	12	1	41
624	11	1	41
625	12	2	42
626	11	1	41
627	10	1	41
628	9	1	41
629	8	1	41
630	7	1	41
631	6	1	41
632	5	1	41
633	4	1	41
634	3	1	41
635	2	1	41
636	3	2	42
637	2	1	41
638	1	1	41
639	12	1	41
640	11	1	41
641	10	1	41
642	9	1	41
643	8	1	41
644	7	1	41
645	6	1	41
646	5	1	41
647	4	1	41
648	3	1	41
649	4	2	42
650	3	1	41
651	2	1	41
652	1	1	41
653	12	1	41
654	11	1	41
655	10	1	41
656	9	1	41
657	8	1	41
658	7	1	41
659	6	1	41
660	5	1	41
661	4	1	41
662	3	1	41
663	2	1	41
664	1	1	41
665	12	1	41
666	11	1	41
667	10	1	41
668	9	1	41
669	8	1	41
670	7	1	41
671	6	1	41
672	5	1	41
673	4	1	41
674	3	1	41
675	2	1	41
676	3	2	42
677	2	1	41
678	1	1	41
679	12	1	41
680	11	1	41
681	12	2	42
682	11	1	41
683	10	1	41
684	9	1	41
685	8	1	41
686	7	1	41
687	6	1	41
688	5	1	41
689	4	1	41
690	3	1	41
691	2	1	41
692	1	1	41
693	12	1	41
694	11	1	41
695	10	1	41
696	9	1	41
697	8	1	41
698	7	1	41
699	6	1	41
700	5	1	41
701	4	1	41
702	5	2	42
703	4	1	41
704	3	1	41
705	2	1	41
706	1	1	41
707	12	1	41
708	11	1	41
709	10	1	41
710	9	1	41
711	8	1	41
712	7	1	41
713	6	1	41
714	7	2	42
715	6	1	41
716	5	1	41
717	4	1	41
718	5	2	42
719	4	1	41
720	3	1	41
721	2	1	41
722	1	1	41
723	12	1	41
724	11	1	41
725	10	1	41
726	9	1	41
727	8	1	41
728	7	1	41
729	6	1	41
730	5	1	41
731	4	1	41
732	3	1	41
733	2	1	41
734	1	1	41
735	2	2	42
736	1	1	41
737	12	1	41
738	11	1	41
739	10	1	41
740	9	1	41
741	10	2	42
742	9	1	41
743	8	1	41
744	7	1	41
745	6	1	41
746	7	2	42
747	6	1	41
748	5	1	41
749	4	1	41
750	3	1	41
751	2	1	41
752	1	1	41
753	12	1	41
754	11	1	41
755	10	1	41
756	9	1	41
757	8	1	41
758	7	1	41
759	8	2	42
760	7	1	41
761	6	1	41
762	5	1	41
763	4	1	41
764	3	1	41
765	2	1	41
766	1	1	41
767	12	1	41
768	11	1	41
769	10	1	41
770	9	1	41
771	8	1	41
772	7	1	41
773	8	2	42
774	7	1	41
775	6	1	41
776	5	1	41
777	4	1	41
778	5	2	42
779	4	1	41
780	3	1	41
781	2	1	41
782	1	1	41
783	12	1	41
784	11	1	41
785	10	1	41
786	9	1	41
787	8	1	41
788	7	1	41
789	6	1	41
790	7	2	42
791	6	1	41
792	5	1	41
793	4	1	41
794	3	1	41
795	2	1	41
796	1	1	41
797	2	2	42
798	1	1	41
799	12	1	41
800	11	1	41
801	10	1	41
802	9	1	41
803	8	1	41
804	7	1	41
805	6	1	41
806	5	1	41
807	4	1	41
808	3	1	41
809	2	1	41
810	1	1	41
811	12	1	41
812	11	1	41
813	10	1	41
814	9	1	41
815	8	1	41
816	7	1	41
817	6	1	41
818	5	1	41
819	4	1	41
820	3	1	41
