1	12	1	21
2	11	1	21
3	10	1	21
4	9	1	21
5	8	1	21
6	7	1	21
7	6	1	21
8	5	1	21
9	4	1	21
10	3	1	21
11	2	1	21
12	1	1	21
13	12	1	21
14	11	1	21
15	10	1	21
16	9	1	21
17	8	1	21
18	7	1	21
19	6	1	21
20	5	1	21
21	4	1	21
22	3	1	21
23	4	2	22
24	3	1	21
25	2	1	21
26	1	1	21
27	12	1	21
28	1	2	22
29	12	1	21
30	11	1	21
31	10	1	21
32	11	2	22
33	10	1	21
34	9	1	21
35	8	1	21
36	7	1	21
37	6	1	21
38	5	1	21
39	4	1	21
40	5	2	22
41	4	1	21
42	3	1	21
43	2	1	21
44	1	1	21
45	12	1	21
46	11	1	21
47	10	1	21
48	9	1	21
49	10	2	22
50	9	1	21
51	8	1	21
52	7	1	21
53	6	1	21
54	7	2	22
55	6	1	21
56	5	1	21
57	4	1	21
58	3	1	21
59	2	1	21
60	1	1	21
61	12	1	21
62	11	1	21
63	10	1	21
64	9	1	21
65	8	1	21
66	7	1	21
67	6	1	21
68	5	1	21
69	4	1	21
70	3	1	21
71	2	1	21
72	1	1	21
73	2	2	22
74	1	1	21
75	12	1	21
76	11	1	21
77	10	1	21
78	9	1	21
79	8	1	21
80	7	1	21
81	6	1	21
82	5	1	21
83	4	1	21
84	3	1	21
85	2	1	21
86	1	1	21
87	12	1	21
88	11	1	21
89	10	1	21
90	9	1	21
91	8	1	21
92	7	1	21
93	6	1	21
94	5	1	21
95	4	1	21
96	3	1	21
97	2	1	21
98	1	1	21
99	12	1	21
100	11	1	21
101	10	1	21
102	9	1	21
103	8	1	21
104	7	1	21
105	8	2	22
106	7	1	21
107	6	1	21
108	5	1	21
109	4	1	21
110	3	1	21
111	2	1	21
112	1	1	21
113	2	2	22
114	1	1	21
115	12	1	21
116	11	1	21
117	10	1	21
118	9	1	21
119	8	1	21
120	7	1	21
121	8	2	22
122	7	1	21
123	6	1	21
124	5	1	21
125	4	1	21
126	3	1	21
127	2	1	21
128	1	1	21
129	12	1	21
130	11	1	21
131	10	1	21
132	9	1	21
133	8	1	21
134	7	1	21
135	6	1	21
136	5	1	21
137	4	1	21
138	3	1	21
139	2	1	21
140	1	1	21
141	12	1	21
142	11	1	21
143	10	1	21
144	9	1	21
145	8	1	21
146	9	2	22
147	8	1	21
148	7	1	21
149	6	1	21
150	5	1	21
151	4	1	21
152	3	1	21
153	2	1	21
154	1	1	21
155	12	1	21
156	11	1	21
157	10	1	21
158	9	1	21
159	8	1	21
160	7	1	21
161	8	2	22
162	7	1	21
163	6	1	21
164	5	1	21
165	4	1	21
166	3	1	21
167	2	1	21
168	3	2	22
169	2	1	21
170	1	1	21
171	12	1	21
172	11	1	21
173	10	1	21
174	9	1	21
175	10	2	22
176	9	1	21
177	8	1	21
178	7	1	21
179	6	1	21
180	7	2	22
181	6	1	21
182	5	1	21
183	4	1	21
184	5	2	22
185	4	1	21
186	3	1	21
187	2	1	21
188	1	1	21
189	12	1	21
190	11	1	21
191	10	1	21
192	9	1	21
193	8	1	21
194	7	1	21
195	6	1	21
196	5	1	21
197	6	2	22
198	5	1	21
199	4	1	21
200	3	1	21
201	2	1	21
202	3	2	22
203	2	1	21
204	1	1	21
205	12	1	21
206	11	1	21
207	12	2	22
208	11	1	21
209	10	1	21
210	9	1	21
211	8	1	21
212	7	1	21
213	6	1	21
214	5	1	21
215	4	1	21
216	3	1	21
217	2	1	21
218	1	1	21
219	12	1	21
220	11	1	21
221	10	1	21
222	9	1	21
223	8	1	21
224	9	2	22
225	8	1	21
226	7	1	21
227	6	1	21
228	7	2	22
229	6	1	21
230	5	1	21
231	4	1	21
232	3	1	21
233	2	1	21
234	1	1	21
235	12	1	21
236	11	1	21
237	10	1	21
238	9	1	21
239	8	1	21
240	7	1	21
241	6	1	21
242	5	1	21
243	4	1	21
244	3	1	21
245	2	1	21
246	1	1	21
247	12	1	21
248	11	1	21
249	12	2	22
250	11	1	21
251	10	1	21
252	9	1	21
253	8	1	21
254	7	1	21
255	6	1	21
256	5	1	21
257	4	1	21
258	3	1	21
259	2	1	21
260	1	1	21
261	12	1	21
262	11	1	21
263	10	1	21
264	9	1	21
265	8	1	21
266	7	1	21
267	6	1	21
268	5	1	21
269	4	1	21
270	3	1	21
271	2	1	21
272	1	1	21
273	12	1	21
274	1	2	22
275	12	1	21
276	11	1	21
277	10	1	21
278	11	2	22
279	10	1	21
280	9	1	21
281	8	1	21
282	7	1	21
283	6	1	21
284	7	2	22
285	6	1	21
286	5	1	21
287	4	1	21
288	3	1	21
289	2	1	21
290	1	1	21
291	12	1	21
292	11	1	21
293	12	2	22
294	11	1	21
295	10	1	21
296	9	1	21
297	8	1	21
298	7	1	21
299	6	1	21
300	5	1	21
301	4	1	21
302	3	1	21
303	2	1	21
304	1	1	21
305	12	1	21
306	11	1	21
307	10	1	21
308	9	1	21
309	8	1	21
310	7	1	21
311	6	1	21
312	5	1	21
313	4	1	21
314	3	1	21
315	2	1	21
316	1	1	21
317	12	1	21
318	11	1	21
319	10	1	21
320	9	1	21
321	8	1	21
322	7	1	21
323	6	1	21
324	5	1	21
325	4	1	21
326	5	2	22
327	4	1	21
328	3	1	21
329	2	1	21
330	1	1	21
331	12	1	21
332	11	1	21
333	10	1	21
334	11	2	22
335	10	1	21
336	9	1	21
337	8	1	21
338	7	1	21
339	8	2	22
340	7	1	21
341	6	1	21
342	5	1	21
343	4	1	21
344	3	1	21
345	4	2	22
346	3	1	21
347	2	1	21
348	1	1	21
349	12	1	21
350	1	2	22
351	12	1	21
352	11	1	21
353	10	1	21
354	9	1	21
355	10	2	22
356	9	1	21
357	8	1	21
358	7	1	21
359	6	1	21
360	5	1	21
361	4	1	21
362	3	1	21
363	2	1	21
364	3	2	22
365	2	1	21
366	1	1	21
367	12	1	21
368	11	1	21
369	10	1	21
370	9	1	21
371	8	1	21
372	7	1	21
373	6	1	21
374	7	2	22
375	6	1	21
376	5	1	21
377	4	1	21
378	3	1	21
379	2	1	21
380	1	1	21
381	12	1	21
382	11	1	21
383	10	1	21
384	9	1	21
385	8	1	21
386	7	1	21
387	6	1	21
388	5	1	21
389	4	1	21
390	3	1	21
391	4	2	22
392	3	1	21
393	2	1	21
394	1	1	21
395	2	2	22
396	1	1	21
397	12	1	21
398	11	1	21
399	10	1	21
400	9	1	21
401	8	1	21
402	7	1	21
403	6	1	21
404	5	1	21
405	4	1	21
406	5	2	22
407	4	1	21
408	3	1	21
409	2	1	21
410	1	1	21
411	2	2	22
412	1	1	21
413	12	1	21
414	11	1	21
415	12	2	22
416	11	1	21
417	10	1	21
418	9	1	21
419	10	2	22
420	9	1	21
421	8	1	21
422	7	1	21
423	6	1	21
424	5	1	21
425	4	1	21
426	3	1	21
427	2	1	21
428	1	1	21
429	12	1	21
430	11	1	21
431	12	2	22
432	11	1	21
433	10	1	21
434	9	1	21
435	8	1	21
436	7	1	21
437	6	1	21
438	5	1	21
439	4	1	21
440	3	1	21
441	2	1	21
442	1	1	21
443	12	1	21
444	11	1	21
445	10	1	21
446	9	1	21
447	8	1	21
448	7	1	21
449	6	1	21
450	5	1	21
451	4	1	21
452	5	2	22
453	4	1	21
454	3	1	21
455	2	1	21
456	1	1	21
457	2	2	22
458	1	1	21
459	12	1	21
460	11	1	21
461	10	1	21
462	9	1	21
463	8	1	21
464	7	1	21
465	6	1	21
466	5	1	21
467	4	1	21
468	3	1	21
469	2	1	21
470	1	1	21
471	12	1	21
472	11	1	21
473	10	1	21
474	9	1	21
475	10	2	22
476	9	1	21
477	8	1	21
478	7	1	21
479	6	1	21
480	5	1	21
481	4	1	21
482	3	1	21
483	2	1	21
484	1	1	21
485	12	1	21
486	11	1	21
487	10	1	21
488	9	1	21
489	8	1	21
490	7	1	21
491	6	1	21
492	5	1	21
493	4	1	21
494	5	2	22
495	4	1	21
496	3	1	21
497	2	1	21
498	1	1	21
499	12	1	21
500	11	1	21
501	10	1	21
502	9	1	21
503	8	1	21
504	9	2	22
505	8	1	21
506	7	1	21
507	6	1	21
508	5	1	21
509	4	1	21
510	3	1	21
511	2	1	21
512	1	1	21
513	12	1	21
514	11	1	21
515	10	1	21
516	9	1	21
517	10	2	22
518	9	1	21
519	8	1	21
520	7	1	21
521	6	1	21
522	5	1	21
523	4	1	21
524	3	1	21
525	2	1	21
526	1	1	21
527	2	2	22
528	1	1	21
529	12	1	21
530	11	1	21
531	10	1	21
532	11	2	22
533	10	1	21
534	9	1	21
535	8	1	21
536	9	2	22
537	8	1	21
538	7	1	21
539	6	1	21
540	5	1	21
541	4	1	21
542	3	1	21
543	2	1	21
544	1	1	21
545	12	1	21
546	11	1	21
547	10	1	21
548	9	1	21
549	8	1	21
550	7	1	21
551	8	2	22
552	7	1	21
553	6	1	21
554	5	1	21
555	4	1	21
556	3	1	21
557	4	2	22
558	3	1	21
559	2	1	21
560	1	1	21
561	12	1	21
562	11	1	21
563	10	1	21
564	9	1	21
565	8	1	21
566	7	1	21
567	6	1	21
568	5	1	21
569	4	1	21
570	3	1	21
571	4	2	22
572	3	1	21
573	2	1	21
574	1	1	21
575	12	1	21
576	11	1	21
577	10	1	21
578	9	1	21
579	8	1	21
580	7	1	21
581	6	1	21
582	5	1	21
583	4	1	21
584	3	1	21
585	2	1	21
586	3	2	22
587	2	1	21
588	1	1	21
589	12	1	21
590	11	1	21
591	10	1	21
592	9	1	21
593	8	1	21
594	7	1	21
595	6	1	21
596	5	1	21
597	4	1	21
598	3	1	21
599	2	1	21
600	1	1	21
601	12	1	21
602	11	1	21
603	10	1	21
604	9	1	21
605	8	1	21
606	9	2	22
607	8	1	21
608	7	1	21
609	6	1	21
610	5	1	21
611	4	1	21
612	3	1	21
613	2	1	21
614	1	1	21
615	12	1	21
616	11	1	21
617	10	1	21
618	9	1	21
619	8	1	21
620	7	1	21
621	6	1	21
622	5	1	21
623	6	2	22
624	5	1	21
625	4	1	21
626	3	1	21
627	2	1	21
628	3	2	22
629	2	1	21
630	1	1	21
631	12	1	21
632	11	1	21
633	10	1	21
634	9	1	21
635	8	1	21
636	9	2	22
637	8	1	21
638	7	1	21
639	6	1	21
640	5	1	21
641	6	2	22
642	5	1	21
643	4	1	21
644	3	1	21
645	2	1	21
646	1	1	21
647	12	1	21
648	11	1	21
649	10	1	21
650	11	2	22
651	10	1	21
652	9	1	21
653	8	1	21
654	7	1	21
655	6	1	21
656	5	1	21
657	4	1	21
658	3	1	21
659	2	1	21
660	1	1	21
661	12	1	21
662	11	1	21
663	10	1	21
664	9	1	21
665	8	1	21
666	7	1	21
667	6	1	21
668	5	1	21
669	4	1	21
670	3	1	21
671	2	1	21
672	1	1	21
673	12	1	21
674	1	2	22
675	12	1	21
676	11	1	21
677	10	1	21
678	9	1	21
679	8	1	21
680	7	1	21
681	8	2	22
682	7	1	21
683	6	1	21
684	5	1	21
685	6	2	22
686	5	1	21
687	4	1	21
688	3	1	21
689	2	1	21
690	1	1	21
691	12	1	21
692	11	1	21
693	12	2	22
694	11	1	21
695	10	1	21
696	9	1	21
697	8	1	21
698	7	1	21
699	6	1	21
700	5	1	21
701	4	1	21
702	3	1	21
703	2	1	21
704	1	1	21
705	12	1	21
706	11	1	21
707	10	1	21
708	9	1	21
709	8	1	21
710	7	1	21
711	6	1	21
712	5	1	21
713	6	2	22
714	5	1	21
715	4	1	21
716	3	1	21
717	2	1	21
718	3	2	22
719	2	1	21
720	1	1	21
721	12	1	21
722	1	2	22
723	12	1	21
724	11	1	21
725	10	1	21
726	9	1	21
727	8	1	21
728	7	1	21
729	6	1	21
730	5	1	21
731	4	1	21
732	3	1	21
733	2	1	21
734	1	1	21
735	12	1	21
736	1	2	22
737	12	1	21
738	11	1	21
739	10	1	21
740	9	1	21
741	8	1	21
742	7	1	21
743	8	2	22
744	7	1	21
745	6	1	21
746	5	1	21
747	4	1	21
748	3	1	21
749	4	2	22
750	3	1	21
751	2	1	21
752	1	1	21
753	12	1	21
754	11	1	21
755	10	1	21
756	11	2	22
757	10	1	21
758	9	1	21
759	8	1	21
760	7	1	21
761	6	1	21
762	5	1	21
763	6	2	22
764	5	1	21
765	4	1	21
766	3	1	21
767	2	1	21
768	1	1	21
769	12	1	21
770	11	1	21
771	10	1	21
772	9	1	21
773	10	2	22
774	9	1	21
775	8	1	21
776	7	1	21
777	6	1	21
778	7	2	22
779	6	1	21
780	5	1	21
781	4	1	21
782	3	1	21
783	2	1	21
784	1	1	21
785	12	1	21
786	11	1	21
787	10	1	21
788	9	1	21
789	8	1	21
790	7	1	21
791	6	1	21
792	5	1	21
793	4	1	21
794	3	1	21
795	2	1	21
796	1	1	21
797	12	1	21
798	11	1	21
799	10	1	21
800	9	1	21
801	8	1	21
802	7	1	21
803	6	1	21
804	5	1	21
805	4	1	21
806	3	1	21
807	2	1	21
808	1	1	21
809	12	1	21
810	11	1	21
811	10	1	21
812	11	2	22
813	10	1	21
814	9	1	21
815	8	1	21
816	7	1	21
817	6	1	21
818	5	1	21
819	4	1	21
820	3	1	21
