1	12	1	41
2	11	1	41
3	10	1	41
4	9	1	41
5	8	1	41
6	7	1	41
7	6	1	41
8	5	1	41
9	6	2	42
10	5	1	41
11	4	1	41
12	3	1	41
13	4	2	42
14	3	1	41
15	2	1	41
16	1	1	41
17	12	1	41
18	11	1	41
19	10	1	41
20	11	2	42
21	10	1	41
22	9	1	41
23	8	1	41
24	7	1	41
25	6	1	41
26	5	1	41
27	4	1	41
28	3	1	41
29	2	1	41
30	3	2	42
31	2	1	41
32	1	1	41
33	12	1	41
34	11	1	41
35	12	2	42
36	11	1	41
37	10	1	41
38	9	1	41
39	8	1	41
40	7	1	41
41	6	1	41
42	5	1	41
43	6	2	42
44	5	1	41
45	4	1	41
46	3	1	41
47	2	1	41
48	1	1	41
49	12	1	41
50	11	1	41
51	10	1	41
52	9	1	41
53	8	1	41
54	7	1	41
55	6	1	41
56	5	1	41
57	4	1	41
58	3	1	41
59	2	1	41
60	3	2	42
61	2	1	41
62	1	1	41
63	12	1	41
64	11	1	41
65	10	1	41
66	9	1	41
67	8	1	41
68	7	1	41
69	6	1	41
70	5	1	41
71	4	1	41
72	3	1	41
73	2	1	41
74	1	1	41
75	2	2	42
76	1	1	41
77	12	1	41
78	11	1	41
79	10	1	41
80	9	1	41
81	10	2	42
82	9	1	41
83	8	1	41
84	7	1	41
85	6	1	41
86	5	1	41
87	4	1	41
88	5	2	42
89	4	1	41
90	3	1	41
91	2	1	41
92	1	1	41
93	12	1	41
94	11	1	41
95	10	1	41
96	9	1	41
97	8	1	41
98	7	1	41
99	6	1	41
100	5	1	41
101	4	1	41
102	3	1	41
103	2	1	41
104	1	1	41
105	12	1	41
106	11	1	41
107	10	1	41
108	9	1	41
109	8	1	41
110	7	1	41
111	6	1	41
112	5	1	41
113	4	1	41
114	3	1	41
115	2	1	41
116	1	1	41
117	12	1	41
118	11	1	41
119	10	1	41
120	9	1	41
121	10	2	42
122	9	1	41
123	8	1	41
124	7	1	41
125	6	1	41
126	5	1	41
127	4	1	41
128	3	1	41
129	2	1	41
130	1	1	41
131	12	1	41
132	11	1	41
133	10	1	41
134	9	1	41
135	8	1	41
136	7	1	41
137	6	1	41
138	5	1	41
139	4	1	41
140	3	1	41
141	2	1	41
142	3	2	42
143	2	1	41
144	1	1	41
145	12	1	41
146	11	1	41
147	10	1	41
148	9	1	41
149	8	1	41
150	7	1	41
151	6	1	41
152	5	1	41
153	4	1	41
154	3	1	41
155	2	1	41
156	1	1	41
157	2	2	42
158	1	1	41
159	12	1	41
160	11	1	41
161	10	1	41
162	9	1	41
163	8	1	41
164	7	1	41
165	6	1	41
166	5	1	41
167	4	1	41
168	3	1	41
169	2	1	41
170	1	1	41
171	12	1	41
172	11	1	41
173	10	1	41
174	9	1	41
175	8	1	41
176	7	1	41
177	6	1	41
178	7	2	42
179	6	1	41
180	5	1	41
181	4	1	41
182	3	1	41
183	2	1	41
184	1	1	41
185	12	1	41
186	11	1	41
187	10	1	41
188	9	1	41
189	8	1	41
190	7	1	41
191	6	1	41
192	5	1	41
193	4	1	41
194	3	1	41
195	2	1	41
196	1	1	41
197	12	1	41
198	11	1	41
199	10	1	41
200	9	1	41
201	8	1	41
202	7	1	41
203	8	2	42
204	7	1	41
205	6	1	41
206	5	1	41
207	4	1	41
208	3	1	41
209	2	1	41
210	1	1	41
211	12	1	41
212	11	1	41
213	10	1	41
214	9	1	41
215	10	2	42
216	9	1	41
217	8	1	41
218	7	1	41
219	6	1	41
220	5	1	41
221	6	2	42
222	5	1	41
223	4	1	41
224	3	1	41
225	2	1	41
226	1	1	41
227	12	1	41
228	11	1	41
229	10	1	41
230	9	1	41
231	8	1	41
232	7	1	41
233	6	1	41
234	5	1	41
235	4	1	41
236	5	2	42
237	4	1	41
238	3	1	41
239	2	1	41
240	1	1	41
241	12	1	41
242	11	1	41
243	10	1	41
244	9	1	41
245	8	1	41
246	7	1	41
247	6	1	41
248	5	1	41
249	4	1	41
250	3	1	41
251	2	1	41
252	1	1	41
253	12	1	41
254	11	1	41
255	12	2	42
256	11	1	41
257	10	1	41
258	9	1	41
259	8	1	41
260	7	1	41
261	8	2	42
262	7	1	41
263	6	1	41
264	5	1	41
265	4	1	41
266	3	1	41
267	2	1	41
268	1	1	41
269	12	1	41
270	11	1	41
271	10	1	41
272	11	2	42
273	10	1	41
274	9	1	41
275	8	1	41
276	9	2	42
277	8	1	41
278	7	1	41
279	6	1	41
280	5	1	41
281	4	1	41
282	3	1	41
283	2	1	41
284	1	1	41
285	12	1	41
286	11	1	41
287	10	1	41
288	11	2	42
289	10	1	41
290	9	1	41
291	8	1	41
292	7	1	41
293	6	1	41
294	5	1	41
295	4	1	41
296	3	1	41
297	2	1	41
298	1	1	41
299	12	1	41
300	11	1	41
301	10	1	41
302	9	1	41
303	8	1	41
304	7	1	41
305	6	1	41
306	5	1	41
307	6	2	42
308	5	1	41
309	4	1	41
310	3	1	41
311	4	2	42
312	3	1	41
313	2	1	41
314	1	1	41
315	2	2	42
316	1	1	41
317	12	1	41
318	11	1	41
319	10	1	41
320	9	1	41
321	8	1	41
322	9	2	42
323	8	1	41
324	7	1	41
325	6	1	41
326	7	2	42
327	6	1	41
328	5	1	41
329	4	1	41
330	3	1	41
331	2	1	41
332	1	1	41
333	12	1	41
334	11	1	41
335	10	1	41
336	9	1	41
337	8	1	41
338	7	1	41
339	6	1	41
340	5	1	41
341	4	1	41
342	3	1	41
343	2	1	41
344	1	1	41
345	12	1	41
346	11	1	41
347	10	1	41
348	9	1	41
349	8	1	41
350	9	2	42
351	8	1	41
352	7	1	41
353	6	1	41
354	5	1	41
355	4	1	41
356	5	2	42
357	4	1	41
358	3	1	41
359	2	1	41
360	1	1	41
361	12	1	41
362	11	1	41
363	12	2	42
364	11	1	41
365	10	1	41
366	9	1	41
367	8	1	41
368	7	1	41
369	6	1	41
370	5	1	41
371	4	1	41
372	5	2	42
373	4	1	41
374	3	1	41
375	2	1	41
376	1	1	41
377	12	1	41
378	11	1	41
379	12	2	42
380	11	1	41
381	10	1	41
382	9	1	41
383	8	1	41
384	7	1	41
385	8	2	42
386	7	1	41
387	6	1	41
388	5	1	41
389	4	1	41
390	3	1	41
391	2	1	41
392	1	1	41
393	12	1	41
394	11	1	41
395	10	1	41
396	9	1	41
397	8	1	41
398	7	1	41
399	6	1	41
400	7	2	42
401	6	1	41
402	5	1	41
403	4	1	41
404	3	1	41
405	2	1	41
406	1	1	41
407	12	1	41
408	11	1	41
409	10	1	41
410	9	1	41
411	8	1	41
412	7	1	41
413	6	1	41
414	5	1	41
415	4	1	41
416	3	1	41
417	2	1	41
418	1	1	41
419	12	1	41
420	11	1	41
421	10	1	41
422	9	1	41
423	8	1	41
424	7	1	41
425	6	1	41
426	7	2	42
427	6	1	41
428	5	1	41
429	4	1	41
430	3	1	41
431	2	1	41
432	3	2	42
433	2	1	41
434	1	1	41
435	12	1	41
436	11	1	41
437	10	1	41
438	9	1	41
439	8	1	41
440	7	1	41
441	6	1	41
442	5	1	41
443	4	1	41
444	3	1	41
445	4	2	42
446	3	1	41
447	2	1	41
448	1	1	41
449	12	1	41
450	11	1	41
451	12	2	42
452	11	1	41
453	10	1	41
454	9	1	41
455	8	1	41
456	7	1	41
457	6	1	41
458	5	1	41
459	4	1	41
460	3	1	41
461	2	1	41
462	1	1	41
463	12	1	41
464	11	1	41
465	10	1	41
466	9	1	41
467	8	1	41
468	7	1	41
469	6	1	41
470	5	1	41
471	4	1	41
472	3	1	41
473	2	1	41
474	1	1	41
475	2	2	42
476	1	1	41
477	12	1	41
478	11	1	41
479	10	1	41
480	11	2	42
481	10	1	41
482	9	1	41
483	8	1	41
484	7	1	41
485	8	2	42
486	7	1	41
487	6	1	41
488	5	1	41
489	4	1	41
490	5	2	42
491	4	1	41
492	3	1	41
493	2	1	41
494	1	1	41
495	12	1	41
496	11	1	41
497	10	1	41
498	9	1	41
499	8	1	41
500	7	1	41
501	6	1	41
502	5	1	41
503	4	1	41
504	3	1	41
505	2	1	41
506	1	1	41
507	12	1	41
508	11	1	41
509	10	1	41
510	9	1	41
511	8	1	41
512	7	1	41
513	6	1	41
514	5	1	41
515	4	1	41
516	3	1	41
517	2	1	41
518	1	1	41
519	12	1	41
520	11	1	41
521	10	1	41
522	9	1	41
523	8	1	41
524	7	1	41
525	8	2	42
526	7	1	41
527	6	1	41
528	5	1	41
529	6	2	42
530	5	1	41
531	4	1	41
532	3	1	41
533	2	1	41
534	1	1	41
535	2	2	42
536	1	1	41
537	12	1	41
538	11	1	41
539	10	1	41
540	11	2	42
541	10	1	41
542	9	1	41
543	8	1	41
544	7	1	41
545	8	2	42
546	7	1	41
547	6	1	41
548	5	1	41
549	4	1	41
550	3	1	41
551	2	1	41
552	1	1	41
553	12	1	41
554	11	1	41
555	10	1	41
556	9	1	41
557	8	1	41
558	7	1	41
559	6	1	41
560	5	1	41
561	6	2	42
562	5	1	41
563	4	1	41
564	3	1	41
565	2	1	41
566	1	1	41
567	12	1	41
568	11	1	41
569	10	1	41
570	9	1	41
571	8	1	41
572	7	1	41
573	6	1	41
574	7	2	42
575	6	1	41
576	5	1	41
577	4	1	41
578	3	1	41
579	2	1	41
580	1	1	41
581	12	1	41
582	11	1	41
583	10	1	41
584	9	1	41
585	8	1	41
586	7	1	41
587	8	2	42
588	7	1	41
589	6	1	41
590	5	1	41
591	4	1	41
592	3	1	41
593	2	1	41
594	1	1	41
595	12	1	41
596	11	1	41
597	10	1	41
598	9	1	41
599	10	2	42
600	9	1	41
601	8	1	41
602	7	1	41
603	6	1	41
604	7	2	42
605	6	1	41
606	5	1	41
607	4	1	41
608	3	1	41
609	4	2	42
610	3	1	41
611	2	1	41
612	1	1	41
613	2	2	42
614	1	1	41
615	12	1	41
616	11	1	41
617	10	1	41
618	9	1	41
619	8	1	41
620	9	2	42
621	8	1	41
622	7	1	41
623	6	1	41
624	5	1	41
625	4	1	41
626	3	1	41
627	2	1	41
628	1	1	41
629	12	1	41
630	11	1	41
631	10	1	41
632	9	1	41
633	10	2	42
634	9	1	41
635	8	1	41
636	7	1	41
637	6	1	41
638	5	1	41
639	4	1	41
640	3	1	41
641	2	1	41
642	3	2	42
643	2	1	41
644	1	1	41
645	12	1	41
646	11	1	41
647	10	1	41
648	9	1	41
649	10	2	42
650	9	1	41
651	8	1	41
652	7	1	41
653	6	1	41
654	5	1	41
655	4	1	41
656	3	1	41
657	2	1	41
658	1	1	41
659	12	1	41
660	11	1	41
661	10	1	41
662	9	1	41
663	8	1	41
664	7	1	41
665	6	1	41
666	5	1	41
667	4	1	41
668	3	1	41
669	4	2	42
670	3	1	41
671	2	1	41
672	1	1	41
673	12	1	41
674	11	1	41
675	10	1	41
676	9	1	41
677	8	1	41
678	7	1	41
679	6	1	41
680	5	1	41
681	4	1	41
682	3	1	41
683	2	1	41
684	1	1	41
685	12	1	41
686	11	1	41
687	12	2	42
688	11	1	41
689	10	1	41
690	9	1	41
691	10	2	42
692	9	1	41
693	8	1	41
694	7	1	41
695	6	1	41
696	5	1	41
697	4	1	41
698	3	1	41
699	4	2	42
700	3	1	41
701	2	1	41
702	1	1	41
703	12	1	41
704	11	1	41
705	10	1	41
706	11	2	42
707	10	1	41
708	9	1	41
709	8	1	41
710	9	2	42
711	8	1	41
712	7	1	41
713	6	1	41
714	5	1	41
715	4	1	41
716	3	1	41
717	4	2	42
718	3	1	41
719	2	1	41
720	1	1	41
721	12	1	41
722	11	1	41
723	10	1	41
724	9	1	41
725	8	1	41
726	7	1	41
727	6	1	41
728	5	1	41
729	4	1	41
730	3	1	41
731	2	1	41
732	3	2	42
733	2	1	41
734	1	1	41
735	12	1	41
736	11	1	41
737	10	1	41
738	9	1	41
739	8	1	41
740	7	1	41
741	6	1	41
742	5	1	41
743	6	2	42
744	5	1	41
745	4	1	41
746	3	1	41
747	2	1	41
748	1	1	41
749	2	2	42
750	1	1	41
751	12	1	41
752	11	1	41
753	10	1	41
754	9	1	41
755	8	1	41
756	9	2	42
757	8	1	41
758	7	1	41
759	6	1	41
760	5	1	41
761	4	1	41
762	3	1	41
763	2	1	41
764	1	1	41
765	12	1	41
766	11	1	41
767	12	2	42
768	11	1	41
769	10	1	41
770	9	1	41
771	8	1	41
772	7	1	41
773	6	1	41
774	5	1	41
775	4	1	41
776	3	1	41
777	2	1	41
778	1	1	41
779	12	1	41
780	11	1	41
781	10	1	41
782	9	1	41
783	8	1	41
784	9	2	42
785	8	1	41
786	7	1	41
787	6	1	41
788	7	2	42
789	6	1	41
790	5	1	41
791	4	1	41
792	5	2	42
793	4	1	41
794	3	1	41
795	2	1	41
796	1	1	41
797	12	1	41
798	11	1	41
799	10	1	41
800	9	1	41
801	8	1	41
802	7	1	41
803	6	1	41
804	5	1	41
805	4	1	41
806	3	1	41
807	2	1	41
808	3	2	42
809	2	1	41
810	1	1	41
811	12	1	41
812	11	1	41
813	10	1	41
814	9	1	41
815	8	1	41
816	7	1	41
817	6	1	41
818	5	1	41
819	4	1	41
820	3	1	41
