1	12	1	21
2	11	1	21
3	10	1	21
4	11	2	22
5	10	1	21
6	9	1	21
7	8	1	21
8	7	1	21
9	6	1	21
10	5	1	21
11	4	1	21
12	3	1	21
13	2	1	21
14	1	1	21
15	12	1	21
16	11	1	21
17	12	2	22
18	11	1	21
19	10	1	21
20	9	1	21
21	8	1	21
22	7	1	21
23	6	1	21
24	5	1	21
25	4	1	21
26	3	1	21
27	2	1	21
28	1	1	21
29	12	1	21
30	11	1	21
31	12	2	22
32	11	1	21
33	10	1	21
34	9	1	21
35	8	1	21
36	7	1	21
37	6	1	21
38	5	1	21
39	4	1	21
40	3	1	21
41	2	1	21
42	1	1	21
43	12	1	21
44	11	1	21
45	10	1	21
46	9	1	21
47	8	1	21
48	7	1	21
49	6	1	21
50	5	1	21
51	4	1	21
52	3	1	21
53	2	1	21
54	1	1	21
55	12	1	21
56	11	1	21
57	10	1	21
58	9	1	21
59	8	1	21
60	7	1	21
61	6	1	21
62	5	1	21
63	4	1	21
64	3	1	21
65	2	1	21
66	1	1	21
67	12	1	21
68	11	1	21
69	12	2	22
70	11	1	21
71	10	1	21
72	9	1	21
73	10	2	22
74	9	1	21
75	8	1	21
76	7	1	21
77	6	1	21
78	5	1	21
79	4	1	21
80	3	1	21
81	2	1	21
82	1	1	21
83	2	2	22
84	1	1	21
85	12	1	21
86	11	1	21
87	10	1	21
88	9	1	21
89	8	1	21
90	9	2	22
91	8	1	21
92	7	1	21
93	6	1	21
94	5	1	21
95	4	1	21
96	3	1	21
97	2	1	21
98	1	1	21
99	12	1	21
100	11	1	21
101	10	1	21
102	9	1	21
103	8	1	21
104	7	1	21
105	6	1	21
106	5	1	21
107	4	1	21
108	3	1	21
109	2	1	21
110	1	1	21
111	2	2	22
112	1	1	21
113	12	1	21
114	11	1	21
115	10	1	21
116	9	1	21
117	8	1	21
118	7	1	21
119	8	2	22
120	7	1	21
121	6	1	21
122	5	1	21
123	4	1	21
124	5	2	22
125	4	1	21
126	3	1	21
127	2	1	21
128	1	1	21
129	12	1	21
130	1	2	22
131	12	1	21
132	11	1	21
133	10	1	21
134	9	1	21
135	8	1	21
136	7	1	21
137	6	1	21
138	7	2	22
139	6	1	21
140	5	1	21
141	4	1	21
142	3	1	21
143	2	1	21
144	1	1	21
145	2	2	22
146	1	1	21
147	12	1	21
148	11	1	21
149	10	1	21
150	9	1	21
151	8	1	21
152	7	1	21
153	8	2	22
154	7	1	21
155	6	1	21
156	5	1	21
157	4	1	21
158	3	1	21
159	2	1	21
160	1	1	21
161	12	1	21
162	11	1	21
163	10	1	21
164	9	1	21
165	8	1	21
166	7	1	21
167	6	1	21
168	5	1	21
169	4	1	21
170	3	1	21
171	4	2	22
172	3	1	21
173	2	1	21
174	1	1	21
175	12	1	21
176	11	1	21
177	10	1	21
178	9	1	21
179	8	1	21
180	7	1	21
181	6	1	21
182	5	1	21
183	6	2	22
184	5	1	21
185	4	1	21
186	3	1	21
187	2	1	21
188	1	1	21
189	2	2	22
190	1	1	21
191	12	1	21
192	11	1	21
193	10	1	21
194	9	1	21
195	8	1	21
196	7	1	21
197	6	1	21
198	5	1	21
199	4	1	21
200	3	1	21
201	2	1	21
202	3	2	22
203	2	1	21
204	1	1	21
205	12	1	21
206	11	1	21
207	10	1	21
208	9	1	21
209	8	1	21
210	7	1	21
211	6	1	21
212	5	1	21
213	4	1	21
214	5	2	22
215	4	1	21
216	3	1	21
217	2	1	21
218	1	1	21
219	12	1	21
220	11	1	21
221	10	1	21
222	9	1	21
223	8	1	21
224	7	1	21
225	6	1	21
226	7	2	22
227	6	1	21
228	5	1	21
229	4	1	21
230	3	1	21
231	2	1	21
232	1	1	21
233	12	1	21
234	11	1	21
235	10	1	21
236	9	1	21
237	8	1	21
238	7	1	21
239	6	1	21
240	7	2	22
241	6	1	21
242	5	1	21
243	4	1	21
244	5	2	22
245	4	1	21
246	3	1	21
247	2	1	21
248	1	1	21
249	12	1	21
250	1	2	22
251	12	1	21
252	11	1	21
253	10	1	21
254	11	2	22
255	10	1	21
256	9	1	21
257	8	1	21
258	7	1	21
259	6	1	21
260	7	2	22
261	6	1	21
262	5	1	21
263	4	1	21
264	3	1	21
265	2	1	21
266	1	1	21
267	2	2	22
268	1	1	21
269	12	1	21
270	11	1	21
271	10	1	21
272	9	1	21
273	8	1	21
274	7	1	21
275	6	1	21
276	5	1	21
277	4	1	21
278	3	1	21
279	2	1	21
280	1	1	21
281	12	1	21
282	1	2	22
283	12	1	21
284	11	1	21
285	10	1	21
286	9	1	21
287	8	1	21
288	9	2	22
289	8	1	21
290	7	1	21
291	6	1	21
292	5	1	21
293	4	1	21
294	3	1	21
295	2	1	21
296	1	1	21
297	12	1	21
298	11	1	21
299	10	1	21
300	9	1	21
301	8	1	21
302	7	1	21
303	6	1	21
304	5	1	21
305	4	1	21
306	3	1	21
307	2	1	21
308	1	1	21
309	12	1	21
310	11	1	21
311	10	1	21
312	9	1	21
313	10	2	22
314	9	1	21
315	8	1	21
316	7	1	21
317	8	2	22
318	7	1	21
319	6	1	21
320	5	1	21
321	4	1	21
322	3	1	21
323	2	1	21
324	3	2	22
325	2	1	21
326	1	1	21
327	12	1	21
328	11	1	21
329	10	1	21
330	9	1	21
331	10	2	22
332	9	1	21
333	8	1	21
334	7	1	21
335	6	1	21
336	5	1	21
337	4	1	21
338	3	1	21
339	2	1	21
340	3	2	22
341	2	1	21
342	1	1	21
343	12	1	21
344	11	1	21
345	10	1	21
346	9	1	21
347	10	2	22
348	9	1	21
349	8	1	21
350	7	1	21
351	6	1	21
352	5	1	21
353	4	1	21
354	3	1	21
355	2	1	21
356	1	1	21
357	12	1	21
358	11	1	21
359	12	2	22
360	11	1	21
361	10	1	21
362	9	1	21
363	8	1	21
364	9	2	22
365	8	1	21
366	7	1	21
367	6	1	21
368	5	1	21
369	6	2	22
370	5	1	21
371	4	1	21
372	3	1	21
373	2	1	21
374	1	1	21
375	12	1	21
376	11	1	21
377	10	1	21
378	9	1	21
379	10	2	22
380	9	1	21
381	8	1	21
382	7	1	21
383	8	2	22
384	7	1	21
385	6	1	21
386	5	1	21
387	6	2	22
388	5	1	21
389	4	1	21
390	3	1	21
391	2	1	21
392	1	1	21
393	2	2	22
394	1	1	21
395	12	1	21
396	11	1	21
397	12	2	22
398	11	1	21
399	10	1	21
400	9	1	21
401	8	1	21
402	7	1	21
403	6	1	21
404	7	2	22
405	6	1	21
406	5	1	21
407	4	1	21
408	3	1	21
409	2	1	21
410	3	2	22
411	2	1	21
412	1	1	21
413	12	1	21
414	11	1	21
415	10	1	21
416	9	1	21
417	8	1	21
418	7	1	21
419	6	1	21
420	5	1	21
421	4	1	21
422	3	1	21
423	2	1	21
424	1	1	21
425	12	1	21
426	11	1	21
427	10	1	21
428	11	2	22
429	10	1	21
430	9	1	21
431	8	1	21
432	7	1	21
433	6	1	21
434	5	1	21
435	4	1	21
436	5	2	22
437	4	1	21
438	3	1	21
439	2	1	21
440	1	1	21
441	12	1	21
442	11	1	21
443	10	1	21
444	9	1	21
445	8	1	21
446	7	1	21
447	6	1	21
448	5	1	21
449	4	1	21
450	3	1	21
451	2	1	21
452	1	1	21
453	12	1	21
454	11	1	21
455	10	1	21
456	9	1	21
457	8	1	21
458	7	1	21
459	6	1	21
460	5	1	21
461	6	2	22
462	5	1	21
463	4	1	21
464	3	1	21
465	2	1	21
466	1	1	21
467	12	1	21
468	11	1	21
469	10	1	21
470	9	1	21
471	8	1	21
472	7	1	21
473	6	1	21
474	5	1	21
475	4	1	21
476	3	1	21
477	2	1	21
478	1	1	21
479	12	1	21
480	11	1	21
481	10	1	21
482	11	2	22
483	10	1	21
484	9	1	21
485	8	1	21
486	7	1	21
487	8	2	22
488	7	1	21
489	6	1	21
490	5	1	21
491	4	1	21
492	3	1	21
493	2	1	21
494	1	1	21
495	12	1	21
496	11	1	21
497	10	1	21
498	9	1	21
499	8	1	21
500	9	2	22
501	8	1	21
502	7	1	21
503	6	1	21
504	5	1	21
505	4	1	21
506	3	1	21
507	4	2	22
508	3	1	21
509	2	1	21
510	1	1	21
511	12	1	21
512	1	2	22
513	12	1	21
514	11	1	21
515	10	1	21
516	9	1	21
517	8	1	21
518	7	1	21
519	6	1	21
520	5	1	21
521	4	1	21
522	3	1	21
523	4	2	22
524	3	1	21
525	2	1	21
526	1	1	21
527	12	1	21
528	11	1	21
529	10	1	21
530	9	1	21
531	8	1	21
532	7	1	21
533	6	1	21
534	5	1	21
535	4	1	21
536	3	1	21
537	2	1	21
538	1	1	21
539	12	1	21
540	11	1	21
541	10	1	21
542	9	1	21
543	8	1	21
544	9	2	22
545	8	1	21
546	7	1	21
547	6	1	21
548	5	1	21
549	6	2	22
550	5	1	21
551	4	1	21
552	3	1	21
553	2	1	21
554	1	1	21
555	12	1	21
556	11	1	21
557	12	2	22
558	11	1	21
559	10	1	21
560	9	1	21
561	8	1	21
562	7	1	21
563	6	1	21
564	5	1	21
565	4	1	21
566	3	1	21
567	2	1	21
568	1	1	21
569	12	1	21
570	1	2	22
571	12	1	21
572	11	1	21
573	10	1	21
574	9	1	21
575	8	1	21
576	7	1	21
577	6	1	21
578	7	2	22
579	6	1	21
580	5	1	21
581	4	1	21
582	3	1	21
583	2	1	21
584	1	1	21
585	12	1	21
586	11	1	21
587	10	1	21
588	9	1	21
589	8	1	21
590	7	1	21
591	6	1	21
592	5	1	21
593	4	1	21
594	3	1	21
595	4	2	22
596	3	1	21
597	2	1	21
598	1	1	21
599	12	1	21
600	11	1	21
601	10	1	21
602	9	1	21
603	8	1	21
604	7	1	21
605	6	1	21
606	5	1	21
607	4	1	21
608	5	2	22
609	4	1	21
610	3	1	21
611	2	1	21
612	1	1	21
613	2	2	22
614	1	1	21
615	12	1	21
616	11	1	21
617	10	1	21
618	9	1	21
619	8	1	21
620	7	1	21
621	6	1	21
622	5	1	21
623	4	1	21
624	3	1	21
625	2	1	21
626	3	2	22
627	2	1	21
628	1	1	21
629	12	1	21
630	11	1	21
631	10	1	21
632	9	1	21
633	8	1	21
634	7	1	21
635	6	1	21
636	5	1	21
637	4	1	21
638	3	1	21
639	4	2	22
640	3	1	21
641	2	1	21
642	1	1	21
643	12	1	21
644	11	1	21
645	10	1	21
646	9	1	21
647	8	1	21
648	9	2	22
649	8	1	21
650	7	1	21
651	6	1	21
652	5	1	21
653	4	1	21
654	3	1	21
655	2	1	21
656	1	1	21
657	12	1	21
658	11	1	21
659	10	1	21
660	9	1	21
661	8	1	21
662	7	1	21
663	6	1	21
664	5	1	21
665	4	1	21
666	3	1	21
667	2	1	21
668	1	1	21
669	12	1	21
670	11	1	21
671	10	1	21
672	9	1	21
673	8	1	21
674	7	1	21
675	6	1	21
676	5	1	21
677	4	1	21
678	3	1	21
679	2	1	21
680	1	1	21
681	12	1	21
682	1	2	22
683	12	1	21
684	11	1	21
685	10	1	21
686	9	1	21
687	8	1	21
688	7	1	21
689	6	1	21
690	7	2	22
691	6	1	21
692	5	1	21
693	4	1	21
694	3	1	21
695	2	1	21
696	1	1	21
697	12	1	21
698	11	1	21
699	10	1	21
700	9	1	21
701	10	2	22
702	9	1	21
703	8	1	21
704	7	1	21
705	6	1	21
706	5	1	21
707	4	1	21
708	3	1	21
709	2	1	21
710	1	1	21
711	12	1	21
712	11	1	21
713	10	1	21
714	11	2	22
715	10	1	21
716	9	1	21
717	8	1	21
718	7	1	21
719	6	1	21
720	5	1	21
721	6	2	22
722	5	1	21
723	4	1	21
724	3	1	21
725	2	1	21
726	1	1	21
727	12	1	21
728	11	1	21
729	10	1	21
730	9	1	21
731	8	1	21
732	7	1	21
733	6	1	21
734	5	1	21
735	4	1	21
736	3	1	21
737	2	1	21
738	3	2	22
739	2	1	21
740	1	1	21
741	12	1	21
742	11	1	21
743	10	1	21
744	9	1	21
745	8	1	21
746	9	2	22
747	8	1	21
748	7	1	21
749	6	1	21
750	5	1	21
751	4	1	21
752	5	2	22
753	4	1	21
754	3	1	21
755	2	1	21
756	1	1	21
757	12	1	21
758	11	1	21
759	10	1	21
760	11	2	22
761	10	1	21
762	9	1	21
763	8	1	21
764	7	1	21
765	6	1	21
766	5	1	21
767	4	1	21
768	3	1	21
769	2	1	21
770	1	1	21
771	12	1	21
772	11	1	21
773	10	1	21
774	9	1	21
775	8	1	21
776	7	1	21
777	6	1	21
778	5	1	21
779	4	1	21
780	3	1	21
781	4	2	22
782	3	1	21
783	2	1	21
784	1	1	21
785	12	1	21
786	11	1	21
787	10	1	21
788	9	1	21
789	8	1	21
790	7	1	21
791	8	2	22
792	7	1	21
793	6	1	21
794	5	1	21
795	4	1	21
796	3	1	21
797	2	1	21
798	1	1	21
799	12	1	21
800	11	1	21
801	10	1	21
802	9	1	21
803	8	1	21
804	7	1	21
805	6	1	21
806	5	1	21
807	4	1	21
808	3	1	21
809	2	1	21
810	1	1	21
811	12	1	21
812	11	1	21
813	10	1	21
814	9	1	21
815	8	1	21
816	7	1	21
817	6	1	21
818	5	1	21
819	4	1	21
820	3	1	21
