1	12	1	21
2	11	1	21
3	10	1	21
4	11	2	22
5	10	1	21
6	9	1	21
7	8	1	21
8	7	1	21
9	6	1	21
10	5	1	21
11	4	1	21
12	3	1	21
13	4	2	22
14	3	1	21
15	2	1	21
16	1	1	21
17	12	1	21
18	11	1	21
19	10	1	21
20	9	1	21
21	8	1	21
22	7	1	21
23	6	1	21
24	7	2	22
25	6	1	21
26	5	1	21
27	4	1	21
28	3	1	21
29	2	1	21
30	1	1	21
31	2	2	22
32	1	1	21
33	12	1	21
34	11	1	21
35	10	1	21
36	9	1	21
37	8	1	21
38	7	1	21
39	6	1	21
40	5	1	21
41	6	2	22
42	5	1	21
43	4	1	21
44	3	1	21
45	2	1	21
46	3	2	22
47	2	1	21
48	1	1	21
49	12	1	21
50	11	1	21
51	10	1	21
52	9	1	21
53	8	1	21
54	7	1	21
55	8	2	22
56	7	1	21
57	6	1	21
58	5	1	21
59	4	1	21
60	5	2	22
61	4	1	21
62	3	1	21
63	2	1	21
64	1	1	21
65	12	1	21
66	11	1	21
67	10	1	21
68	9	1	21
69	8	1	21
70	7	1	21
71	6	1	21
72	5	1	21
73	4	1	21
74	3	1	21
75	2	1	21
76	1	1	21
77	12	1	21
78	11	1	21
79	12	2	22
80	11	1	21
81	10	1	21
82	9	1	21
83	8	1	21
84	7	1	21
85	6	1	21
86	5	1	21
87	4	1	21
88	3	1	21
89	2	1	21
90	1	1	21
91	12	1	21
92	11	1	21
93	12	2	22
94	11	1	21
95	10	1	21
96	9	1	21
97	8	1	21
98	7	1	21
99	6	1	21
100	5	1	21
101	6	2	22
102	5	1	21
103	4	1	21
104	3	1	21
105	2	1	21
106	1	1	21
107	12	1	21
108	1	2	22
109	12	1	21
110	11	1	21
111	10	1	21
112	9	1	21
113	8	1	21
114	9	2	22
115	8	1	21
116	7	1	21
117	6	1	21
118	5	1	21
119	4	1	21
120	3	1	21
121	2	1	21
122	1	1	21
123	12	1	21
124	11	1	21
125	10	1	21
126	9	1	21
127	8	1	21
128	7	1	21
129	6	1	21
130	5	1	21
131	4	1	21
132	3	1	21
133	2	1	21
134	1	1	21
135	12	1	21
136	1	2	22
137	12	1	21
138	11	1	21
139	10	1	21
140	9	1	21
141	8	1	21
142	7	1	21
143	6	1	21
144	5	1	21
145	4	1	21
146	3	1	21
147	2	1	21
148	1	1	21
149	12	1	21
150	11	1	21
151	10	1	21
152	9	1	21
153	8	1	21
154	7	1	21
155	6	1	21
156	5	1	21
157	6	2	22
158	5	1	21
159	4	1	21
160	3	1	21
161	2	1	21
162	1	1	21
163	12	1	21
164	1	2	22
165	12	1	21
166	11	1	21
167	10	1	21
168	9	1	21
169	10	2	22
170	9	1	21
171	8	1	21
172	7	1	21
173	6	1	21
174	5	1	21
175	4	1	21
176	5	2	22
177	4	1	21
178	3	1	21
179	2	1	21
180	1	1	21
181	12	1	21
182	11	1	21
183	12	2	22
184	11	1	21
185	10	1	21
186	9	1	21
187	8	1	21
188	7	1	21
189	6	1	21
190	5	1	21
191	4	1	21
192	3	1	21
193	2	1	21
194	1	1	21
195	12	1	21
196	11	1	21
197	10	1	21
198	11	2	22
199	10	1	21
200	9	1	21
201	8	1	21
202	7	1	21
203	6	1	21
204	5	1	21
205	4	1	21
206	3	1	21
207	2	1	21
208	1	1	21
209	12	1	21
210	11	1	21
211	10	1	21
212	9	1	21
213	8	1	21
214	7	1	21
215	8	2	22
216	7	1	21
217	6	1	21
218	5	1	21
219	4	1	21
220	3	1	21
221	2	1	21
222	1	1	21
223	12	1	21
224	11	1	21
225	10	1	21
226	9	1	21
227	8	1	21
228	7	1	21
229	6	1	21
230	7	2	22
231	6	1	21
232	5	1	21
233	4	1	21
234	5	2	22
235	4	1	21
236	3	1	21
237	2	1	21
238	1	1	21
239	12	1	21
240	11	1	21
241	10	1	21
242	9	1	21
243	8	1	21
244	7	1	21
245	8	2	22
246	7	1	21
247	6	1	21
248	5	1	21
249	4	1	21
250	3	1	21
251	2	1	21
252	3	2	22
253	2	1	21
254	1	1	21
255	12	1	21
256	11	1	21
257	10	1	21
258	9	1	21
259	8	1	21
260	7	1	21
261	6	1	21
262	5	1	21
263	4	1	21
264	3	1	21
265	2	1	21
266	3	2	22
267	2	1	21
268	1	1	21
269	12	1	21
270	11	1	21
271	10	1	21
272	9	1	21
273	8	1	21
274	7	1	21
275	8	2	22
276	7	1	21
277	6	1	21
278	5	1	21
279	4	1	21
280	3	1	21
281	2	1	21
282	1	1	21
283	12	1	21
284	11	1	21
285	12	2	22
286	11	1	21
287	10	1	21
288	9	1	21
289	8	1	21
290	7	1	21
291	6	1	21
292	5	1	21
293	4	1	21
294	3	1	21
295	2	1	21
296	1	1	21
297	12	1	21
298	11	1	21
299	10	1	21
300	9	1	21
301	8	1	21
302	7	1	21
303	6	1	21
304	7	2	22
305	6	1	21
306	5	1	21
307	4	1	21
308	3	1	21
309	2	1	21
310	1	1	21
311	12	1	21
312	1	2	22
313	12	1	21
314	11	1	21
315	10	1	21
316	9	1	21
317	8	1	21
318	7	1	21
319	6	1	21
320	5	1	21
321	4	1	21
322	3	1	21
323	2	1	21
324	1	1	21
325	12	1	21
326	11	1	21
327	10	1	21
328	9	1	21
329	8	1	21
330	9	2	22
331	8	1	21
332	7	1	21
333	6	1	21
334	5	1	21
335	4	1	21
336	3	1	21
337	2	1	21
338	1	1	21
339	12	1	21
340	11	1	21
341	10	1	21
342	9	1	21
343	10	2	22
344	9	1	21
345	8	1	21
346	7	1	21
347	6	1	21
348	5	1	21
349	4	1	21
350	3	1	21
351	2	1	21
352	1	1	21
353	12	1	21
354	11	1	21
355	10	1	21
356	9	1	21
357	10	2	22
358	9	1	21
359	8	1	21
360	7	1	21
361	6	1	21
362	5	1	21
363	4	1	21
364	3	1	21
365	2	1	21
366	1	1	21
367	2	2	22
368	1	1	21
369	12	1	21
370	11	1	21
371	10	1	21
372	9	1	21
373	8	1	21
374	7	1	21
375	6	1	21
376	5	1	21
377	4	1	21
378	3	1	21
379	2	1	21
380	1	1	21
381	12	1	21
382	11	1	21
383	10	1	21
384	9	1	21
385	10	2	22
386	9	1	21
387	8	1	21
388	7	1	21
389	6	1	21
390	7	2	22
391	6	1	21
392	5	1	21
393	4	1	21
394	3	1	21
395	2	1	21
396	1	1	21
397	12	1	21
398	11	1	21
399	10	1	21
400	9	1	21
401	8	1	21
402	7	1	21
403	6	1	21
404	5	1	21
405	6	2	22
406	5	1	21
407	4	1	21
408	3	1	21
409	2	1	21
410	3	2	22
411	2	1	21
412	1	1	21
413	12	1	21
414	11	1	21
415	10	1	21
416	9	1	21
417	8	1	21
418	7	1	21
419	6	1	21
420	5	1	21
421	4	1	21
422	3	1	21
423	4	2	22
424	3	1	21
425	2	1	21
426	1	1	21
427	12	1	21
428	11	1	21
429	10	1	21
430	9	1	21
431	8	1	21
432	9	2	22
433	8	1	21
434	7	1	21
435	6	1	21
436	5	1	21
437	4	1	21
438	3	1	21
439	2	1	21
440	1	1	21
441	12	1	21
442	11	1	21
443	10	1	21
444	9	1	21
445	8	1	21
446	7	1	21
447	6	1	21
448	5	1	21
449	4	1	21
450	3	1	21
451	2	1	21
452	1	1	21
453	12	1	21
454	11	1	21
455	10	1	21
456	9	1	21
457	8	1	21
458	7	1	21
459	6	1	21
460	7	2	22
461	6	1	21
462	5	1	21
463	4	1	21
464	3	1	21
465	2	1	21
466	1	1	21
467	12	1	21
468	11	1	21
469	10	1	21
470	11	2	22
471	10	1	21
472	9	1	21
473	8	1	21
474	7	1	21
475	6	1	21
476	5	1	21
477	4	1	21
478	3	1	21
479	2	1	21
480	1	1	21
481	12	1	21
482	11	1	21
483	12	2	22
484	11	1	21
485	10	1	21
486	9	1	21
487	8	1	21
488	7	1	21
489	6	1	21
490	5	1	21
491	4	1	21
492	3	1	21
493	2	1	21
494	1	1	21
495	12	1	21
496	11	1	21
497	10	1	21
498	9	1	21
499	8	1	21
500	7	1	21
501	8	2	22
502	7	1	21
503	6	1	21
504	5	1	21
505	4	1	21
506	5	2	22
507	4	1	21
508	3	1	21
509	2	1	21
510	1	1	21
511	2	2	22
512	1	1	21
513	12	1	21
514	11	1	21
515	10	1	21
516	9	1	21
517	8	1	21
518	7	1	21
519	6	1	21
520	5	1	21
521	4	1	21
522	3	1	21
523	2	1	21
524	1	1	21
525	12	1	21
526	11	1	21
527	10	1	21
528	9	1	21
529	8	1	21
530	7	1	21
531	6	1	21
532	5	1	21
533	4	1	21
534	3	1	21
535	2	1	21
536	3	2	22
537	2	1	21
538	1	1	21
539	12	1	21
540	11	1	21
541	10	1	21
542	9	1	21
543	10	2	22
544	9	1	21
545	8	1	21
546	7	1	21
547	6	1	21
548	5	1	21
549	4	1	21
550	3	1	21
551	2	1	21
552	1	1	21
553	12	1	21
554	11	1	21
555	12	2	22
556	11	1	21
557	10	1	21
558	9	1	21
559	8	1	21
560	7	1	21
561	6	1	21
562	7	2	22
563	6	1	21
564	5	1	21
565	4	1	21
566	3	1	21
567	2	1	21
568	1	1	21
569	12	1	21
570	11	1	21
571	10	1	21
572	9	1	21
573	8	1	21
574	7	1	21
575	6	1	21
576	5	1	21
577	6	2	22
578	5	1	21
579	4	1	21
580	3	1	21
581	2	1	21
582	1	1	21
583	12	1	21
584	11	1	21
585	10	1	21
586	11	2	22
587	10	1	21
588	9	1	21
589	8	1	21
590	7	1	21
591	6	1	21
592	5	1	21
593	4	1	21
594	3	1	21
595	2	1	21
596	1	1	21
597	12	1	21
598	1	2	22
599	12	1	21
600	11	1	21
601	10	1	21
602	9	1	21
603	8	1	21
604	7	1	21
605	6	1	21
606	5	1	21
607	4	1	21
608	3	1	21
609	2	1	21
610	3	2	22
611	2	1	21
612	1	1	21
613	12	1	21
614	11	1	21
615	10	1	21
616	9	1	21
617	8	1	21
618	7	1	21
619	8	2	22
620	7	1	21
621	6	1	21
622	5	1	21
623	4	1	21
624	3	1	21
625	2	1	21
626	1	1	21
627	12	1	21
628	11	1	21
629	10	1	21
630	9	1	21
631	10	2	22
632	9	1	21
633	8	1	21
634	7	1	21
635	6	1	21
636	5	1	21
637	4	1	21
638	3	1	21
639	2	1	21
640	1	1	21
641	2	2	22
642	1	1	21
643	12	1	21
644	11	1	21
645	10	1	21
646	9	1	21
647	8	1	21
648	7	1	21
649	8	2	22
650	7	1	21
651	6	1	21
652	5	1	21
653	4	1	21
654	3	1	21
655	2	1	21
656	1	1	21
657	12	1	21
658	11	1	21
659	10	1	21
660	11	2	22
661	10	1	21
662	9	1	21
663	8	1	21
664	7	1	21
665	6	1	21
666	5	1	21
667	4	1	21
668	3	1	21
669	4	2	22
670	3	1	21
671	2	1	21
672	1	1	21
673	12	1	21
674	11	1	21
675	10	1	21
676	9	1	21
677	8	1	21
678	7	1	21
679	6	1	21
680	5	1	21
681	6	2	22
682	5	1	21
683	4	1	21
684	3	1	21
685	4	2	22
686	3	1	21
687	2	1	21
688	1	1	21
689	12	1	21
690	11	1	21
691	10	1	21
692	9	1	21
693	8	1	21
694	7	1	21
695	6	1	21
696	5	1	21
697	4	1	21
698	3	1	21
699	2	1	21
700	1	1	21
701	2	2	22
702	1	1	21
703	12	1	21
704	11	1	21
705	10	1	21
706	9	1	21
707	8	1	21
708	7	1	21
709	6	1	21
710	5	1	21
711	4	1	21
712	5	2	22
713	4	1	21
714	3	1	21
715	2	1	21
716	1	1	21
717	2	2	22
718	1	1	21
719	12	1	21
720	11	1	21
721	10	1	21
722	9	1	21
723	8	1	21
724	7	1	21
725	6	1	21
726	5	1	21
727	4	1	21
728	3	1	21
729	2	1	21
730	1	1	21
731	12	1	21
732	1	2	22
733	12	1	21
734	11	1	21
735	10	1	21
736	9	1	21
737	8	1	21
738	7	1	21
739	6	1	21
740	5	1	21
741	4	1	21
742	3	1	21
743	2	1	21
744	1	1	21
745	12	1	21
746	11	1	21
747	10	1	21
748	11	2	22
749	10	1	21
750	9	1	21
751	8	1	21
752	9	2	22
753	8	1	21
754	7	1	21
755	6	1	21
756	5	1	21
757	4	1	21
758	3	1	21
759	4	2	22
760	3	1	21
761	2	1	21
762	1	1	21
763	12	1	21
764	11	1	21
765	10	1	21
766	9	1	21
767	8	1	21
768	9	2	22
769	8	1	21
770	7	1	21
771	6	1	21
772	5	1	21
773	4	1	21
774	3	1	21
775	2	1	21
776	1	1	21
777	12	1	21
778	11	1	21
779	10	1	21
780	9	1	21
781	8	1	21
782	7	1	21
783	6	1	21
784	7	2	22
785	6	1	21
786	5	1	21
787	4	1	21
788	3	1	21
789	4	2	22
790	3	1	21
791	2	1	21
792	1	1	21
793	12	1	21
794	11	1	21
795	10	1	21
796	9	1	21
797	8	1	21
798	7	1	21
799	6	1	21
800	5	1	21
801	4	1	21
802	5	2	22
803	4	1	21
804	3	1	21
805	2	1	21
806	1	1	21
807	12	1	21
808	11	1	21
809	10	1	21
810	11	2	22
811	10	1	21
812	9	1	21
813	8	1	21
814	9	2	22
815	8	1	21
816	7	1	21
817	6	1	21
818	5	1	21
819	4	1	21
820	3	1	21
