1	12	1	21
2	11	1	21
3	10	1	21
4	9	1	21
5	8	1	21
6	7	1	21
7	6	1	21
8	7	2	22
9	6	1	21
10	5	1	21
11	4	1	21
12	5	2	22
13	4	1	21
14	3	1	21
15	2	1	21
16	1	1	21
17	12	1	21
18	11	1	21
19	10	1	21
20	9	1	21
21	8	1	21
22	7	1	21
23	6	1	21
24	5	1	21
25	6	2	22
26	5	1	21
27	4	1	21
28	3	1	21
29	2	1	21
30	1	1	21
31	12	1	21
32	11	1	21
33	10	1	21
34	11	2	22
35	10	1	21
36	9	1	21
37	8	1	21
38	7	1	21
39	6	1	21
40	5	1	21
41	6	2	22
42	5	1	21
43	4	1	21
44	3	1	21
45	2	1	21
46	1	1	21
47	12	1	21
48	11	1	21
49	10	1	21
50	11	2	22
51	10	1	21
52	9	1	21
53	8	1	21
54	7	1	21
55	6	1	21
56	7	2	22
57	6	1	21
58	5	1	21
59	4	1	21
60	3	1	21
61	2	1	21
62	1	1	21
63	12	1	21
64	11	1	21
65	10	1	21
66	11	2	22
67	10	1	21
68	9	1	21
69	8	1	21
70	7	1	21
71	6	1	21
72	5	1	21
73	4	1	21
74	3	1	21
75	2	1	21
76	1	1	21
77	12	1	21
78	11	1	21
79	10	1	21
80	9	1	21
81	8	1	21
82	7	1	21
83	6	1	21
84	5	1	21
85	4	1	21
86	3	1	21
87	2	1	21
88	3	2	22
89	2	1	21
90	1	1	21
91	12	1	21
92	11	1	21
93	10	1	21
94	9	1	21
95	8	1	21
96	7	1	21
97	8	2	22
98	7	1	21
99	6	1	21
100	5	1	21
101	4	1	21
102	3	1	21
103	2	1	21
104	1	1	21
105	12	1	21
106	11	1	21
107	12	2	22
108	11	1	21
109	10	1	21
110	9	1	21
111	8	1	21
112	7	1	21
113	6	1	21
114	5	1	21
115	4	1	21
116	3	1	21
117	2	1	21
118	3	2	22
119	2	1	21
120	1	1	21
121	12	1	21
122	11	1	21
123	10	1	21
124	11	2	22
125	10	1	21
126	9	1	21
127	8	1	21
128	7	1	21
129	6	1	21
130	5	1	21
131	4	1	21
132	3	1	21
133	2	1	21
134	1	1	21
135	12	1	21
136	11	1	21
137	10	1	21
138	9	1	21
139	8	1	21
140	7	1	21
141	6	1	21
142	5	1	21
143	4	1	21
144	3	1	21
145	2	1	21
146	1	1	21
147	12	1	21
148	11	1	21
149	10	1	21
150	9	1	21
151	8	1	21
152	7	1	21
153	6	1	21
154	5	1	21
155	6	2	22
156	5	1	21
157	4	1	21
158	3	1	21
159	2	1	21
160	1	1	21
161	2	2	22
162	1	1	21
163	12	1	21
164	11	1	21
165	10	1	21
166	9	1	21
167	10	2	22
168	9	1	21
169	8	1	21
170	7	1	21
171	6	1	21
172	5	1	21
173	4	1	21
174	3	1	21
175	2	1	21
176	1	1	21
177	12	1	21
178	11	1	21
179	10	1	21
180	9	1	21
181	8	1	21
182	7	1	21
183	6	1	21
184	5	1	21
185	4	1	21
186	3	1	21
187	2	1	21
188	3	2	22
189	2	1	21
190	1	1	21
191	12	1	21
192	1	2	22
193	12	1	21
194	11	1	21
195	10	1	21
196	9	1	21
197	8	1	21
198	9	2	22
199	8	1	21
200	7	1	21
201	6	1	21
202	5	1	21
203	4	1	21
204	3	1	21
205	2	1	21
206	1	1	21
207	12	1	21
208	11	1	21
209	10	1	21
210	9	1	21
211	8	1	21
212	7	1	21
213	8	2	22
214	7	1	21
215	6	1	21
216	5	1	21
217	4	1	21
218	5	2	22
219	4	1	21
220	3	1	21
221	2	1	21
222	1	1	21
223	12	1	21
224	11	1	21
225	12	2	22
226	11	1	21
227	10	1	21
228	9	1	21
229	8	1	21
230	7	1	21
231	6	1	21
232	7	2	22
233	6	1	21
234	5	1	21
235	4	1	21
236	3	1	21
237	2	1	21
238	1	1	21
239	12	1	21
240	11	1	21
241	10	1	21
242	9	1	21
243	8	1	21
244	7	1	21
245	8	2	22
246	7	1	21
247	6	1	21
248	5	1	21
249	4	1	21
250	3	1	21
251	2	1	21
252	1	1	21
253	12	1	21
254	11	1	21
255	12	2	22
256	11	1	21
257	10	1	21
258	9	1	21
259	8	1	21
260	7	1	21
261	6	1	21
262	5	1	21
263	4	1	21
264	3	1	21
265	2	1	21
266	1	1	21
267	12	1	21
268	11	1	21
269	10	1	21
270	9	1	21
271	10	2	22
272	9	1	21
273	8	1	21
274	7	1	21
275	6	1	21
276	7	2	22
277	6	1	21
278	5	1	21
279	4	1	21
280	5	2	22
281	4	1	21
282	3	1	21
283	2	1	21
284	1	1	21
285	2	2	22
286	1	1	21
287	12	1	21
288	11	1	21
289	10	1	21
290	9	1	21
291	8	1	21
292	9	2	22
293	8	1	21
294	7	1	21
295	6	1	21
296	5	1	21
297	4	1	21
298	3	1	21
299	2	1	21
300	1	1	21
301	12	1	21
302	11	1	21
303	12	2	22
304	11	1	21
305	10	1	21
306	9	1	21
307	8	1	21
308	7	1	21
309	6	1	21
310	5	1	21
311	4	1	21
312	3	1	21
313	2	1	21
314	3	2	22
315	2	1	21
316	1	1	21
317	12	1	21
318	11	1	21
319	10	1	21
320	9	1	21
321	8	1	21
322	7	1	21
323	6	1	21
324	5	1	21
325	4	1	21
326	5	2	22
327	4	1	21
328	3	1	21
329	2	1	21
330	1	1	21
331	12	1	21
332	11	1	21
333	10	1	21
334	9	1	21
335	8	1	21
336	9	2	22
337	8	1	21
338	7	1	21
339	6	1	21
340	5	1	21
341	4	1	21
342	3	1	21
343	4	2	22
344	3	1	21
345	2	1	21
346	1	1	21
347	12	1	21
348	1	2	22
349	12	1	21
350	11	1	21
351	10	1	21
352	9	1	21
353	10	2	22
354	9	1	21
355	8	1	21
356	7	1	21
357	8	2	22
358	7	1	21
359	6	1	21
360	5	1	21
361	4	1	21
362	3	1	21
363	2	1	21
364	1	1	21
365	12	1	21
366	11	1	21
367	10	1	21
368	11	2	22
369	10	1	21
370	9	1	21
371	8	1	21
372	7	1	21
373	6	1	21
374	5	1	21
375	4	1	21
376	3	1	21
377	4	2	22
378	3	1	21
379	2	1	21
380	1	1	21
381	12	1	21
382	11	1	21
383	10	1	21
384	9	1	21
385	10	2	22
386	9	1	21
387	8	1	21
388	7	1	21
389	6	1	21
390	5	1	21
391	6	2	22
392	5	1	21
393	4	1	21
394	3	1	21
395	2	1	21
396	1	1	21
397	12	1	21
398	11	1	21
399	10	1	21
400	9	1	21
401	8	1	21
402	7	1	21
403	6	1	21
404	5	1	21
405	4	1	21
406	3	1	21
407	2	1	21
408	3	2	22
409	2	1	21
410	1	1	21
411	12	1	21
412	11	1	21
413	10	1	21
414	9	1	21
415	8	1	21
416	7	1	21
417	6	1	21
418	5	1	21
419	4	1	21
420	5	2	22
421	4	1	21
422	3	1	21
423	2	1	21
424	1	1	21
425	2	2	22
426	1	1	21
427	12	1	21
428	11	1	21
429	10	1	21
430	9	1	21
431	8	1	21
432	7	1	21
433	6	1	21
434	7	2	22
435	6	1	21
436	5	1	21
437	4	1	21
438	3	1	21
439	2	1	21
440	1	1	21
441	2	2	22
442	1	1	21
443	12	1	21
444	11	1	21
445	10	1	21
446	9	1	21
447	8	1	21
448	7	1	21
449	6	1	21
450	5	1	21
451	4	1	21
452	3	1	21
453	4	2	22
454	3	1	21
455	2	1	21
456	1	1	21
457	12	1	21
458	11	1	21
459	10	1	21
460	9	1	21
461	8	1	21
462	9	2	22
463	8	1	21
464	7	1	21
465	6	1	21
466	5	1	21
467	4	1	21
468	3	1	21
469	2	1	21
470	1	1	21
471	12	1	21
472	11	1	21
473	10	1	21
474	9	1	21
475	8	1	21
476	7	1	21
477	6	1	21
478	5	1	21
479	4	1	21
480	3	1	21
481	2	1	21
482	1	1	21
483	12	1	21
484	11	1	21
485	10	1	21
486	9	1	21
487	8	1	21
488	7	1	21
489	6	1	21
490	5	1	21
491	4	1	21
492	3	1	21
493	2	1	21
494	1	1	21
495	12	1	21
496	11	1	21
497	10	1	21
498	9	1	21
499	8	1	21
500	7	1	21
501	6	1	21
502	5	1	21
503	4	1	21
504	3	1	21
505	2	1	21
506	3	2	22
507	2	1	21
508	1	1	21
509	12	1	21
510	1	2	22
511	12	1	21
512	11	1	21
513	10	1	21
514	9	1	21
515	8	1	21
516	7	1	21
517	6	1	21
518	5	1	21
519	4	1	21
520	3	1	21
521	2	1	21
522	1	1	21
523	12	1	21
524	11	1	21
525	10	1	21
526	9	1	21
527	8	1	21
528	7	1	21
529	6	1	21
530	5	1	21
531	4	1	21
532	5	2	22
533	4	1	21
534	3	1	21
535	2	1	21
536	1	1	21
537	12	1	21
538	11	1	21
539	12	2	22
540	11	1	21
541	10	1	21
542	9	1	21
543	8	1	21
544	9	2	22
545	8	1	21
546	7	1	21
547	6	1	21
548	5	1	21
549	4	1	21
550	3	1	21
551	4	2	22
552	3	1	21
553	2	1	21
554	1	1	21
555	12	1	21
556	1	2	22
557	12	1	21
558	11	1	21
559	10	1	21
560	9	1	21
561	8	1	21
562	7	1	21
563	6	1	21
564	5	1	21
565	4	1	21
566	3	1	21
567	2	1	21
568	1	1	21
569	12	1	21
570	11	1	21
571	10	1	21
572	9	1	21
573	8	1	21
574	7	1	21
575	6	1	21
576	5	1	21
577	4	1	21
578	3	1	21
579	2	1	21
580	1	1	21
581	12	1	21
582	11	1	21
583	10	1	21
584	9	1	21
585	8	1	21
586	7	1	21
587	6	1	21
588	5	1	21
589	4	1	21
590	3	1	21
591	2	1	21
592	1	1	21
593	12	1	21
594	1	2	22
595	12	1	21
596	11	1	21
597	10	1	21
598	9	1	21
599	8	1	21
600	7	1	21
601	8	2	22
602	7	1	21
603	6	1	21
604	5	1	21
605	4	1	21
606	3	1	21
607	2	1	21
608	1	1	21
609	2	2	22
610	1	1	21
611	12	1	21
612	11	1	21
613	10	1	21
614	9	1	21
615	8	1	21
616	7	1	21
617	6	1	21
618	5	1	21
619	4	1	21
620	3	1	21
621	2	1	21
622	1	1	21
623	12	1	21
624	11	1	21
625	12	2	22
626	11	1	21
627	10	1	21
628	9	1	21
629	8	1	21
630	7	1	21
631	6	1	21
632	5	1	21
633	6	2	22
634	5	1	21
635	4	1	21
636	3	1	21
637	4	2	22
638	3	1	21
639	2	1	21
640	1	1	21
641	12	1	21
642	11	1	21
643	10	1	21
644	9	1	21
645	8	1	21
646	7	1	21
647	6	1	21
648	5	1	21
649	4	1	21
650	3	1	21
651	2	1	21
652	1	1	21
653	12	1	21
654	11	1	21
655	10	1	21
656	9	1	21
657	8	1	21
658	7	1	21
659	6	1	21
660	5	1	21
661	4	1	21
662	3	1	21
663	2	1	21
664	1	1	21
665	12	1	21
666	11	1	21
667	10	1	21
668	9	1	21
669	8	1	21
670	7	1	21
671	6	1	21
672	5	1	21
673	4	1	21
674	3	1	21
675	2	1	21
676	1	1	21
677	12	1	21
678	11	1	21
679	10	1	21
680	9	1	21
681	8	1	21
682	9	2	22
683	8	1	21
684	7	1	21
685	6	1	21
686	5	1	21
687	4	1	21
688	3	1	21
689	2	1	21
690	1	1	21
691	12	1	21
692	11	1	21
693	10	1	21
694	11	2	22
695	10	1	21
696	9	1	21
697	8	1	21
698	7	1	21
699	6	1	21
700	5	1	21
701	4	1	21
702	3	1	21
703	2	1	21
704	1	1	21
705	12	1	21
706	1	2	22
707	12	1	21
708	11	1	21
709	10	1	21
710	9	1	21
711	8	1	21
712	7	1	21
713	8	2	22
714	7	1	21
715	6	1	21
716	5	1	21
717	6	2	22
718	5	1	21
719	4	1	21
720	3	1	21
721	2	1	21
722	1	1	21
723	12	1	21
724	11	1	21
725	10	1	21
726	9	1	21
727	8	1	21
728	7	1	21
729	6	1	21
730	5	1	21
731	4	1	21
732	3	1	21
733	2	1	21
734	1	1	21
735	2	2	22
736	1	1	21
737	12	1	21
738	11	1	21
739	10	1	21
740	9	1	21
741	8	1	21
742	7	1	21
743	6	1	21
744	5	1	21
745	4	1	21
746	3	1	21
747	4	2	22
748	3	1	21
749	2	1	21
750	1	1	21
751	12	1	21
752	11	1	21
753	10	1	21
754	9	1	21
755	8	1	21
756	7	1	21
757	6	1	21
758	5	1	21
759	4	1	21
760	3	1	21
761	2	1	21
762	1	1	21
763	12	1	21
764	11	1	21
765	10	1	21
766	9	1	21
767	10	2	22
768	9	1	21
769	8	1	21
770	7	1	21
771	6	1	21
772	5	1	21
773	4	1	21
774	3	1	21
775	2	1	21
776	3	2	22
777	2	1	21
778	1	1	21
779	12	1	21
780	11	1	21
781	10	1	21
782	9	1	21
783	10	2	22
784	9	1	21
785	8	1	21
786	7	1	21
787	6	1	21
788	7	2	22
789	6	1	21
790	5	1	21
791	4	1	21
792	3	1	21
793	4	2	22
794	3	1	21
795	2	1	21
796	1	1	21
797	12	1	21
798	11	1	21
799	10	1	21
800	9	1	21
801	8	1	21
802	9	2	22
803	8	1	21
804	7	1	21
805	6	1	21
806	5	1	21
807	4	1	21
808	3	1	21
809	2	1	21
810	1	1	21
811	12	1	21
812	11	1	21
813	10	1	21
814	9	1	21
815	8	1	21
816	7	1	21
817	6	1	21
818	5	1	21
819	4	1	21
820	3	1	21
