1	12	1	21
2	11	1	21
3	10	1	21
4	9	1	21
5	8	1	21
6	7	1	21
7	6	1	21
8	5	1	21
9	4	1	21
10	3	1	21
11	2	1	21
12	1	1	21
13	12	1	21
14	11	1	21
15	10	1	21
16	9	1	21
17	8	1	21
18	7	1	21
19	6	1	21
20	5	1	21
21	4	1	21
22	3	1	21
23	2	1	21
24	1	1	21
25	12	1	21
26	11	1	21
27	10	1	21
28	9	1	21
29	8	1	21
30	7	1	21
31	6	1	21
32	5	1	21
33	4	1	21
34	3	1	21
35	2	1	21
36	1	1	21
37	12	1	21
38	11	1	21
39	12	2	22
40	11	1	21
41	10	1	21
42	9	1	21
43	10	2	22
44	9	1	21
45	8	1	21
46	7	1	21
47	6	1	21
48	5	1	21
49	4	1	21
50	3	1	21
51	2	1	21
52	1	1	21
53	12	1	21
54	11	1	21
55	10	1	21
56	9	1	21
57	8	1	21
58	7	1	21
59	8	2	22
60	7	1	21
61	6	1	21
62	5	1	21
63	6	2	22
64	5	1	21
65	4	1	21
66	3	1	21
67	2	1	21
68	3	2	22
69	2	1	21
70	1	1	21
71	12	1	21
72	11	1	21
73	10	1	21
74	9	1	21
75	8	1	21
76	7	1	21
77	6	1	21
78	5	1	21
79	4	1	21
80	3	1	21
81	4	2	22
82	3	1	21
83	2	1	21
84	1	1	21
85	12	1	21
86	11	1	21
87	12	2	22
88	11	1	21
89	10	1	21
90	9	1	21
91	8	1	21
92	7	1	21
93	8	2	22
94	7	1	21
95	6	1	21
96	5	1	21
97	4	1	21
98	3	1	21
99	2	1	21
100	3	2	22
101	2	1	21
102	1	1	21
103	12	1	21
104	11	1	21
105	10	1	21
106	9	1	21
107	8	1	21
108	9	2	22
109	8	1	21
110	7	1	21
111	6	1	21
112	5	1	21
113	4	1	21
114	3	1	21
115	2	1	21
116	3	2	22
117	2	1	21
118	1	1	21
119	12	1	21
120	11	1	21
121	10	1	21
122	9	1	21
123	8	1	21
124	7	1	21
125	6	1	21
126	5	1	21
127	4	1	21
128	5	2	22
129	4	1	21
130	3	1	21
131	2	1	21
132	1	1	21
133	12	1	21
134	1	2	22
135	12	1	21
136	11	1	21
137	10	1	21
138	9	1	21
139	8	1	21
140	7	1	21
141	6	1	21
142	5	1	21
143	4	1	21
144	3	1	21
145	4	2	22
146	3	1	21
147	2	1	21
148	1	1	21
149	12	1	21
150	1	2	22
151	12	1	21
152	11	1	21
153	10	1	21
154	9	1	21
155	8	1	21
156	7	1	21
157	6	1	21
158	5	1	21
159	4	1	21
160	3	1	21
161	2	1	21
162	1	1	21
163	12	1	21
164	11	1	21
165	12	2	22
166	11	1	21
167	10	1	21
168	9	1	21
169	8	1	21
170	7	1	21
171	8	2	22
172	7	1	21
173	6	1	21
174	5	1	21
175	4	1	21
176	3	1	21
177	2	1	21
178	1	1	21
179	12	1	21
180	11	1	21
181	10	1	21
182	9	1	21
183	8	1	21
184	7	1	21
185	8	2	22
186	7	1	21
187	6	1	21
188	5	1	21
189	4	1	21
190	5	2	22
191	4	1	21
192	3	1	21
193	2	1	21
194	1	1	21
195	12	1	21
196	11	1	21
197	10	1	21
198	9	1	21
199	10	2	22
200	9	1	21
201	8	1	21
202	7	1	21
203	6	1	21
204	5	1	21
205	4	1	21
206	3	1	21
207	2	1	21
208	1	1	21
209	12	1	21
210	11	1	21
211	10	1	21
212	9	1	21
213	8	1	21
214	7	1	21
215	6	1	21
216	5	1	21
217	6	2	22
218	5	1	21
219	4	1	21
220	3	1	21
221	2	1	21
222	1	1	21
223	12	1	21
224	1	2	22
225	12	1	21
226	11	1	21
227	10	1	21
228	9	1	21
229	8	1	21
230	7	1	21
231	6	1	21
232	5	1	21
233	4	1	21
234	3	1	21
235	2	1	21
236	1	1	21
237	12	1	21
238	11	1	21
239	10	1	21
240	9	1	21
241	8	1	21
242	7	1	21
243	6	1	21
244	7	2	22
245	6	1	21
246	5	1	21
247	4	1	21
248	3	1	21
249	2	1	21
250	1	1	21
251	12	1	21
252	1	2	22
253	12	1	21
254	11	1	21
255	10	1	21
256	9	1	21
257	10	2	22
258	9	1	21
259	8	1	21
260	7	1	21
261	6	1	21
262	5	1	21
263	4	1	21
264	3	1	21
265	2	1	21
266	1	1	21
267	12	1	21
268	11	1	21
269	10	1	21
270	9	1	21
271	8	1	21
272	7	1	21
273	6	1	21
274	5	1	21
275	4	1	21
276	3	1	21
277	2	1	21
278	1	1	21
279	12	1	21
280	11	1	21
281	12	2	22
282	11	1	21
283	10	1	21
284	9	1	21
285	8	1	21
286	7	1	21
287	6	1	21
288	5	1	21
289	4	1	21
290	3	1	21
291	2	1	21
292	1	1	21
293	12	1	21
294	1	2	22
295	12	1	21
296	11	1	21
297	10	1	21
298	9	1	21
299	8	1	21
300	7	1	21
301	6	1	21
302	7	2	22
303	6	1	21
304	5	1	21
305	4	1	21
306	3	1	21
307	2	1	21
308	3	2	22
309	2	1	21
310	1	1	21
311	12	1	21
312	11	1	21
313	10	1	21
314	9	1	21
315	8	1	21
316	7	1	21
317	6	1	21
318	5	1	21
319	4	1	21
320	3	1	21
321	2	1	21
322	1	1	21
323	2	2	22
324	1	1	21
325	12	1	21
326	11	1	21
327	10	1	21
328	9	1	21
329	8	1	21
330	7	1	21
331	6	1	21
332	7	2	22
333	6	1	21
334	5	1	21
335	4	1	21
336	3	1	21
337	2	1	21
338	1	1	21
339	12	1	21
340	11	1	21
341	10	1	21
342	9	1	21
343	8	1	21
344	7	1	21
345	8	2	22
346	7	1	21
347	6	1	21
348	5	1	21
349	4	1	21
350	3	1	21
351	2	1	21
352	1	1	21
353	12	1	21
354	11	1	21
355	10	1	21
356	11	2	22
357	10	1	21
358	9	1	21
359	8	1	21
360	9	2	22
361	8	1	21
362	7	1	21
363	6	1	21
364	5	1	21
365	4	1	21
366	3	1	21
367	2	1	21
368	1	1	21
369	12	1	21
370	11	1	21
371	10	1	21
372	9	1	21
373	10	2	22
374	9	1	21
375	8	1	21
376	7	1	21
377	6	1	21
378	5	1	21
379	4	1	21
380	3	1	21
381	2	1	21
382	1	1	21
383	12	1	21
384	11	1	21
385	10	1	21
386	9	1	21
387	8	1	21
388	7	1	21
389	6	1	21
390	5	1	21
391	4	1	21
392	5	2	22
393	4	1	21
394	3	1	21
395	2	1	21
396	1	1	21
397	2	2	22
398	1	1	21
399	12	1	21
400	11	1	21
401	10	1	21
402	9	1	21
403	8	1	21
404	7	1	21
405	6	1	21
406	5	1	21
407	4	1	21
408	3	1	21
409	4	2	22
410	3	1	21
411	2	1	21
412	1	1	21
413	12	1	21
414	11	1	21
415	10	1	21
416	9	1	21
417	8	1	21
418	9	2	22
419	8	1	21
420	7	1	21
421	6	1	21
422	5	1	21
423	6	2	22
424	5	1	21
425	4	1	21
426	3	1	21
427	2	1	21
428	1	1	21
429	2	2	22
430	1	1	21
431	12	1	21
432	11	1	21
433	10	1	21
434	9	1	21
435	8	1	21
436	7	1	21
437	6	1	21
438	5	1	21
439	4	1	21
440	3	1	21
441	2	1	21
442	1	1	21
443	12	1	21
444	1	2	22
445	12	1	21
446	11	1	21
447	10	1	21
448	9	1	21
449	8	1	21
450	7	1	21
451	6	1	21
452	7	2	22
453	6	1	21
454	5	1	21
455	4	1	21
456	3	1	21
457	2	1	21
458	1	1	21
459	2	2	22
460	1	1	21
461	12	1	21
462	11	1	21
463	10	1	21
464	9	1	21
465	8	1	21
466	7	1	21
467	6	1	21
468	7	2	22
469	6	1	21
470	5	1	21
471	4	1	21
472	3	1	21
473	2	1	21
474	1	1	21
475	12	1	21
476	11	1	21
477	10	1	21
478	11	2	22
479	10	1	21
480	9	1	21
481	8	1	21
482	7	1	21
483	6	1	21
484	5	1	21
485	4	1	21
486	3	1	21
487	2	1	21
488	1	1	21
489	12	1	21
490	11	1	21
491	10	1	21
492	9	1	21
493	10	2	22
494	9	1	21
495	8	1	21
496	7	1	21
497	6	1	21
498	5	1	21
499	4	1	21
500	3	1	21
501	2	1	21
502	1	1	21
503	12	1	21
504	11	1	21
505	10	1	21
506	9	1	21
507	8	1	21
508	7	1	21
509	8	2	22
510	7	1	21
511	6	1	21
512	5	1	21
513	4	1	21
514	3	1	21
515	2	1	21
516	1	1	21
517	12	1	21
518	11	1	21
519	10	1	21
520	9	1	21
521	8	1	21
522	7	1	21
523	6	1	21
524	5	1	21
525	4	1	21
526	3	1	21
527	2	1	21
528	1	1	21
529	12	1	21
530	11	1	21
531	10	1	21
532	9	1	21
533	8	1	21
534	7	1	21
535	6	1	21
536	5	1	21
537	4	1	21
538	3	1	21
539	2	1	21
540	1	1	21
541	12	1	21
542	11	1	21
543	10	1	21
544	9	1	21
545	8	1	21
546	7	1	21
547	6	1	21
548	5	1	21
549	4	1	21
550	5	2	22
551	4	1	21
552	3	1	21
553	2	1	21
554	1	1	21
555	12	1	21
556	11	1	21
557	10	1	21
558	9	1	21
559	8	1	21
560	7	1	21
561	6	1	21
562	5	1	21
563	4	1	21
564	3	1	21
565	2	1	21
566	1	1	21
567	12	1	21
568	11	1	21
569	12	2	22
570	11	1	21
571	10	1	21
572	9	1	21
573	8	1	21
574	7	1	21
575	6	1	21
576	5	1	21
577	4	1	21
578	3	1	21
579	2	1	21
580	1	1	21
581	2	2	22
582	1	1	21
583	12	1	21
584	11	1	21
585	10	1	21
586	9	1	21
587	8	1	21
588	7	1	21
589	6	1	21
590	5	1	21
591	4	1	21
592	3	1	21
593	4	2	22
594	3	1	21
595	2	1	21
596	1	1	21
597	12	1	21
598	1	2	22
599	12	1	21
600	11	1	21
601	10	1	21
602	9	1	21
603	8	1	21
604	9	2	22
605	8	1	21
606	7	1	21
607	6	1	21
608	5	1	21
609	4	1	21
610	3	1	21
611	2	1	21
612	3	2	22
613	2	1	21
614	1	1	21
615	12	1	21
616	11	1	21
617	10	1	21
618	9	1	21
619	8	1	21
620	7	1	21
621	6	1	21
622	5	1	21
623	4	1	21
624	3	1	21
625	2	1	21
626	1	1	21
627	12	1	21
628	11	1	21
629	12	2	22
630	11	1	21
631	10	1	21
632	9	1	21
633	8	1	21
634	9	2	22
635	8	1	21
636	7	1	21
637	6	1	21
638	7	2	22
639	6	1	21
640	5	1	21
641	4	1	21
642	3	1	21
643	2	1	21
644	3	2	22
645	2	1	21
646	1	1	21
647	12	1	21
648	11	1	21
649	10	1	21
650	9	1	21
651	8	1	21
652	7	1	21
653	6	1	21
654	5	1	21
655	6	2	22
656	5	1	21
657	4	1	21
658	3	1	21
659	2	1	21
660	1	1	21
661	12	1	21
662	11	1	21
663	10	1	21
664	9	1	21
665	8	1	21
666	7	1	21
667	6	1	21
668	5	1	21
669	6	2	22
670	5	1	21
671	4	1	21
672	3	1	21
673	4	2	22
674	3	1	21
675	2	1	21
676	1	1	21
677	12	1	21
678	11	1	21
679	10	1	21
680	11	2	22
681	10	1	21
682	9	1	21
683	8	1	21
684	7	1	21
685	6	1	21
686	5	1	21
687	4	1	21
688	5	2	22
689	4	1	21
690	3	1	21
691	2	1	21
692	3	2	22
693	2	1	21
694	1	1	21
695	12	1	21
696	11	1	21
697	10	1	21
698	11	2	22
699	10	1	21
700	9	1	21
701	8	1	21
702	7	1	21
703	6	1	21
704	5	1	21
705	4	1	21
706	3	1	21
707	2	1	21
708	1	1	21
709	12	1	21
710	11	1	21
711	10	1	21
712	9	1	21
713	8	1	21
714	7	1	21
715	6	1	21
716	5	1	21
717	4	1	21
718	5	2	22
719	4	1	21
720	3	1	21
721	2	1	21
722	1	1	21
723	12	1	21
724	11	1	21
725	10	1	21
726	9	1	21
727	8	1	21
728	7	1	21
729	6	1	21
730	5	1	21
731	4	1	21
732	3	1	21
733	2	1	21
734	1	1	21
735	12	1	21
736	11	1	21
737	10	1	21
738	11	2	22
739	10	1	21
740	9	1	21
741	8	1	21
742	7	1	21
743	6	1	21
744	5	1	21
745	4	1	21
746	3	1	21
747	2	1	21
748	1	1	21
749	12	1	21
750	11	1	21
751	10	1	21
752	9	1	21
753	8	1	21
754	9	2	22
755	8	1	21
756	7	1	21
757	6	1	21
758	5	1	21
759	4	1	21
760	3	1	21
761	2	1	21
762	1	1	21
763	12	1	21
764	11	1	21
765	10	1	21
766	9	1	21
767	8	1	21
768	7	1	21
769	6	1	21
770	5	1	21
771	6	2	22
772	5	1	21
773	4	1	21
774	3	1	21
775	2	1	21
776	1	1	21
777	2	2	22
778	1	1	21
779	12	1	21
780	11	1	21
781	10	1	21
782	11	2	22
783	10	1	21
784	9	1	21
785	8	1	21
786	7	1	21
787	6	1	21
788	5	1	21
789	4	1	21
790	3	1	21
791	4	2	22
792	3	1	21
793	2	1	21
794	1	1	21
795	12	1	21
796	11	1	21
797	10	1	21
798	9	1	21
799	10	2	22
800	9	1	21
801	8	1	21
802	7	1	21
803	6	1	21
804	5	1	21
805	4	1	21
806	3	1	21
807	2	1	21
808	1	1	21
809	12	1	21
810	11	1	21
811	10	1	21
812	9	1	21
813	8	1	21
814	7	1	21
815	6	1	21
816	5	1	21
817	4	1	21
818	3	1	21
819	4	2	22
820	3	1	21
