1	12	1	21
2	11	1	21
3	10	1	21
4	9	1	21
5	8	1	21
6	7	1	21
7	6	1	21
8	5	1	21
9	6	2	22
10	5	1	21
11	4	1	21
12	3	1	21
13	2	1	21
14	1	1	21
15	12	1	21
16	11	1	21
17	10	1	21
18	9	1	21
19	10	2	22
20	9	1	21
21	8	1	21
22	7	1	21
23	6	1	21
24	5	1	21
25	4	1	21
26	3	1	21
27	2	1	21
28	1	1	21
29	12	1	21
30	11	1	21
31	12	2	22
32	11	1	21
33	10	1	21
34	9	1	21
35	8	1	21
36	7	1	21
37	6	1	21
38	5	1	21
39	4	1	21
40	3	1	21
41	2	1	21
42	1	1	21
43	12	1	21
44	11	1	21
45	10	1	21
46	11	2	22
47	10	1	21
48	9	1	21
49	8	1	21
50	7	1	21
51	6	1	21
52	5	1	21
53	4	1	21
54	3	1	21
55	2	1	21
56	1	1	21
57	12	1	21
58	11	1	21
59	10	1	21
60	9	1	21
61	8	1	21
62	7	1	21
63	6	1	21
64	5	1	21
65	4	1	21
66	5	2	22
67	4	1	21
68	3	1	21
69	2	1	21
70	1	1	21
71	12	1	21
72	11	1	21
73	10	1	21
74	9	1	21
75	8	1	21
76	9	2	22
77	8	1	21
78	7	1	21
79	6	1	21
80	5	1	21
81	4	1	21
82	3	1	21
83	2	1	21
84	3	2	22
85	2	1	21
86	1	1	21
87	12	1	21
88	11	1	21
89	10	1	21
90	9	1	21
91	8	1	21
92	9	2	22
93	8	1	21
94	7	1	21
95	6	1	21
96	5	1	21
97	4	1	21
98	3	1	21
99	2	1	21
100	1	1	21
101	12	1	21
102	11	1	21
103	10	1	21
104	9	1	21
105	8	1	21
106	7	1	21
107	6	1	21
108	7	2	22
109	6	1	21
110	5	1	21
111	4	1	21
112	3	1	21
113	2	1	21
114	1	1	21
115	12	1	21
116	11	1	21
117	10	1	21
118	9	1	21
119	8	1	21
120	7	1	21
121	6	1	21
122	5	1	21
123	4	1	21
124	3	1	21
125	2	1	21
126	1	1	21
127	12	1	21
128	11	1	21
129	10	1	21
130	9	1	21
131	8	1	21
132	7	1	21
133	6	1	21
134	7	2	22
135	6	1	21
136	5	1	21
137	4	1	21
138	5	2	22
139	4	1	21
140	3	1	21
141	2	1	21
142	3	2	22
143	2	1	21
144	1	1	21
145	12	1	21
146	11	1	21
147	12	2	22
148	11	1	21
149	10	1	21
150	9	1	21
151	8	1	21
152	7	1	21
153	6	1	21
154	5	1	21
155	4	1	21
156	5	2	22
157	4	1	21
158	3	1	21
159	2	1	21
160	1	1	21
161	12	1	21
162	11	1	21
163	10	1	21
164	9	1	21
165	8	1	21
166	7	1	21
167	8	2	22
168	7	1	21
169	6	1	21
170	5	1	21
171	4	1	21
172	3	1	21
173	2	1	21
174	1	1	21
175	12	1	21
176	11	1	21
177	10	1	21
178	9	1	21
179	8	1	21
180	7	1	21
181	6	1	21
182	5	1	21
183	4	1	21
184	3	1	21
185	2	1	21
186	1	1	21
187	12	1	21
188	11	1	21
189	12	2	22
190	11	1	21
191	10	1	21
192	9	1	21
193	8	1	21
194	7	1	21
195	6	1	21
196	7	2	22
197	6	1	21
198	5	1	21
199	4	1	21
200	3	1	21
201	2	1	21
202	1	1	21
203	2	2	22
204	1	1	21
205	12	1	21
206	11	1	21
207	10	1	21
208	9	1	21
209	8	1	21
210	7	1	21
211	6	1	21
212	5	1	21
213	4	1	21
214	3	1	21
215	2	1	21
216	3	2	22
217	2	1	21
218	1	1	21
219	12	1	21
220	11	1	21
221	10	1	21
222	9	1	21
223	8	1	21
224	9	2	22
225	8	1	21
226	7	1	21
227	6	1	21
228	5	1	21
229	6	2	22
230	5	1	21
231	4	1	21
232	3	1	21
233	2	1	21
234	1	1	21
235	12	1	21
236	1	2	22
237	12	1	21
238	11	1	21
239	10	1	21
240	9	1	21
241	8	1	21
242	7	1	21
243	8	2	22
244	7	1	21
245	6	1	21
246	5	1	21
247	4	1	21
248	3	1	21
249	2	1	21
250	1	1	21
251	12	1	21
252	1	2	22
253	12	1	21
254	11	1	21
255	10	1	21
256	9	1	21
257	8	1	21
258	7	1	21
259	8	2	22
260	7	1	21
261	6	1	21
262	5	1	21
263	4	1	21
264	3	1	21
265	4	2	22
266	3	1	21
267	2	1	21
268	1	1	21
269	12	1	21
270	11	1	21
271	10	1	21
272	11	2	22
273	10	1	21
274	9	1	21
275	8	1	21
276	7	1	21
277	6	1	21
278	7	2	22
279	6	1	21
280	5	1	21
281	4	1	21
282	5	2	22
283	4	1	21
284	3	1	21
285	2	1	21
286	1	1	21
287	12	1	21
288	11	1	21
289	10	1	21
290	9	1	21
291	8	1	21
292	7	1	21
293	6	1	21
294	5	1	21
295	6	2	22
296	5	1	21
297	4	1	21
298	3	1	21
299	4	2	22
300	3	1	21
301	2	1	21
302	1	1	21
303	12	1	21
304	11	1	21
305	10	1	21
306	11	2	22
307	10	1	21
308	9	1	21
309	8	1	21
310	9	2	22
311	8	1	21
312	7	1	21
313	6	1	21
314	5	1	21
315	4	1	21
316	3	1	21
317	2	1	21
318	1	1	21
319	12	1	21
320	11	1	21
321	10	1	21
322	9	1	21
323	10	2	22
324	9	1	21
325	8	1	21
326	7	1	21
327	6	1	21
328	5	1	21
329	4	1	21
330	3	1	21
331	2	1	21
332	1	1	21
333	12	1	21
334	1	2	22
335	12	1	21
336	11	1	21
337	10	1	21
338	9	1	21
339	8	1	21
340	7	1	21
341	6	1	21
342	5	1	21
343	4	1	21
344	3	1	21
345	2	1	21
346	1	1	21
347	12	1	21
348	11	1	21
349	10	1	21
350	9	1	21
351	8	1	21
352	7	1	21
353	6	1	21
354	5	1	21
355	6	2	22
356	5	1	21
357	4	1	21
358	3	1	21
359	4	2	22
360	3	1	21
361	2	1	21
362	1	1	21
363	2	2	22
364	1	1	21
365	12	1	21
366	11	1	21
367	10	1	21
368	9	1	21
369	8	1	21
370	7	1	21
371	6	1	21
372	5	1	21
373	6	2	22
374	5	1	21
375	4	1	21
376	3	1	21
377	2	1	21
378	1	1	21
379	2	2	22
380	1	1	21
381	12	1	21
382	11	1	21
383	12	2	22
384	11	1	21
385	10	1	21
386	9	1	21
387	8	1	21
388	7	1	21
389	6	1	21
390	5	1	21
391	4	1	21
392	3	1	21
393	2	1	21
394	1	1	21
395	2	2	22
396	1	1	21
397	12	1	21
398	11	1	21
399	10	1	21
400	9	1	21
401	8	1	21
402	7	1	21
403	6	1	21
404	5	1	21
405	4	1	21
406	3	1	21
407	2	1	21
408	1	1	21
409	12	1	21
410	11	1	21
411	10	1	21
412	9	1	21
413	8	1	21
414	7	1	21
415	6	1	21
416	5	1	21
417	4	1	21
418	3	1	21
419	2	1	21
420	1	1	21
421	12	1	21
422	11	1	21
423	10	1	21
424	9	1	21
425	8	1	21
426	7	1	21
427	8	2	22
428	7	1	21
429	6	1	21
430	5	1	21
431	4	1	21
432	3	1	21
433	4	2	22
434	3	1	21
435	2	1	21
436	1	1	21
437	12	1	21
438	11	1	21
439	10	1	21
440	11	2	22
441	10	1	21
442	9	1	21
443	8	1	21
444	7	1	21
445	8	2	22
446	7	1	21
447	6	1	21
448	5	1	21
449	4	1	21
450	3	1	21
451	2	1	21
452	1	1	21
453	12	1	21
454	1	2	22
455	12	1	21
456	11	1	21
457	10	1	21
458	9	1	21
459	10	2	22
460	9	1	21
461	8	1	21
462	7	1	21
463	6	1	21
464	5	1	21
465	4	1	21
466	3	1	21
467	2	1	21
468	3	2	22
469	2	1	21
470	1	1	21
471	12	1	21
472	11	1	21
473	10	1	21
474	9	1	21
475	8	1	21
476	9	2	22
477	8	1	21
478	7	1	21
479	6	1	21
480	5	1	21
481	4	1	21
482	3	1	21
483	2	1	21
484	1	1	21
485	12	1	21
486	11	1	21
487	10	1	21
488	9	1	21
489	10	2	22
490	9	1	21
491	8	1	21
492	7	1	21
493	6	1	21
494	5	1	21
495	4	1	21
496	3	1	21
497	2	1	21
498	1	1	21
499	12	1	21
500	11	1	21
501	10	1	21
502	9	1	21
503	8	1	21
504	7	1	21
505	6	1	21
506	7	2	22
507	6	1	21
508	5	1	21
509	4	1	21
510	3	1	21
511	2	1	21
512	1	1	21
513	12	1	21
514	11	1	21
515	10	1	21
516	9	1	21
517	8	1	21
518	7	1	21
519	6	1	21
520	5	1	21
521	4	1	21
522	3	1	21
523	2	1	21
524	1	1	21
525	12	1	21
526	1	2	22
527	12	1	21
528	11	1	21
529	10	1	21
530	9	1	21
531	8	1	21
532	7	1	21
533	6	1	21
534	5	1	21
535	4	1	21
536	3	1	21
537	2	1	21
538	1	1	21
539	12	1	21
540	11	1	21
541	10	1	21
542	11	2	22
543	10	1	21
544	9	1	21
545	8	1	21
546	7	1	21
547	6	1	21
548	5	1	21
549	4	1	21
550	3	1	21
551	2	1	21
552	3	2	22
553	2	1	21
554	1	1	21
555	12	1	21
556	1	2	22
557	12	1	21
558	11	1	21
559	10	1	21
560	9	1	21
561	8	1	21
562	7	1	21
563	6	1	21
564	5	1	21
565	4	1	21
566	5	2	22
567	4	1	21
568	3	1	21
569	2	1	21
570	1	1	21
571	12	1	21
572	11	1	21
573	10	1	21
574	9	1	21
575	8	1	21
576	7	1	21
577	6	1	21
578	5	1	21
579	4	1	21
580	3	1	21
581	2	1	21
582	1	1	21
583	12	1	21
584	11	1	21
585	12	2	22
586	11	1	21
587	10	1	21
588	9	1	21
589	10	2	22
590	9	1	21
591	8	1	21
592	7	1	21
593	6	1	21
594	5	1	21
595	4	1	21
596	3	1	21
597	2	1	21
598	1	1	21
599	12	1	21
600	11	1	21
601	10	1	21
602	9	1	21
603	8	1	21
604	7	1	21
605	6	1	21
606	5	1	21
607	4	1	21
608	3	1	21
609	2	1	21
610	1	1	21
611	2	2	22
612	1	1	21
613	12	1	21
614	11	1	21
615	10	1	21
616	9	1	21
617	10	2	22
618	9	1	21
619	8	1	21
620	7	1	21
621	6	1	21
622	5	1	21
623	4	1	21
624	3	1	21
625	2	1	21
626	1	1	21
627	12	1	21
628	11	1	21
629	10	1	21
630	9	1	21
631	8	1	21
632	7	1	21
633	8	2	22
634	7	1	21
635	6	1	21
636	5	1	21
637	4	1	21
638	3	1	21
639	4	2	22
640	3	1	21
641	2	1	21
642	1	1	21
643	12	1	21
644	11	1	21
645	10	1	21
646	9	1	21
647	8	1	21
648	7	1	21
649	6	1	21
650	5	1	21
651	4	1	21
652	5	2	22
653	4	1	21
654	3	1	21
655	2	1	21
656	3	2	22
657	2	1	21
658	1	1	21
659	12	1	21
660	11	1	21
661	10	1	21
662	9	1	21
663	8	1	21
664	7	1	21
665	6	1	21
666	5	1	21
667	4	1	21
668	5	2	22
669	4	1	21
670	3	1	21
671	2	1	21
672	1	1	21
673	12	1	21
674	11	1	21
675	10	1	21
676	9	1	21
677	10	2	22
678	9	1	21
679	8	1	21
680	7	1	21
681	6	1	21
682	5	1	21
683	4	1	21
684	3	1	21
685	2	1	21
686	1	1	21
687	12	1	21
688	11	1	21
689	10	1	21
690	9	1	21
691	8	1	21
692	7	1	21
693	6	1	21
694	5	1	21
695	4	1	21
696	3	1	21
697	2	1	21
698	1	1	21
699	12	1	21
700	11	1	21
701	12	2	22
702	11	1	21
703	10	1	21
704	9	1	21
705	8	1	21
706	7	1	21
707	6	1	21
708	5	1	21
709	4	1	21
710	3	1	21
711	4	2	22
712	3	1	21
713	2	1	21
714	1	1	21
715	12	1	21
716	1	2	22
717	12	1	21
718	11	1	21
719	10	1	21
720	9	1	21
721	8	1	21
722	7	1	21
723	6	1	21
724	5	1	21
725	6	2	22
726	5	1	21
727	4	1	21
728	3	1	21
729	2	1	21
730	1	1	21
731	12	1	21
732	11	1	21
733	10	1	21
734	9	1	21
735	8	1	21
736	7	1	21
737	6	1	21
738	5	1	21
739	4	1	21
740	3	1	21
741	2	1	21
742	1	1	21
743	12	1	21
744	11	1	21
745	10	1	21
746	9	1	21
747	8	1	21
748	7	1	21
749	6	1	21
750	5	1	21
751	4	1	21
752	3	1	21
753	2	1	21
754	1	1	21
755	2	2	22
756	1	1	21
757	12	1	21
758	11	1	21
759	10	1	21
760	9	1	21
761	8	1	21
762	7	1	21
763	6	1	21
764	5	1	21
765	4	1	21
766	3	1	21
767	2	1	21
768	1	1	21
769	12	1	21
770	11	1	21
771	10	1	21
772	9	1	21
773	8	1	21
774	7	1	21
775	6	1	21
776	7	2	22
777	6	1	21
778	5	1	21
779	4	1	21
780	3	1	21
781	2	1	21
782	1	1	21
783	12	1	21
784	11	1	21
785	10	1	21
786	9	1	21
787	8	1	21
788	7	1	21
789	6	1	21
790	5	1	21
791	4	1	21
792	3	1	21
793	2	1	21
794	1	1	21
795	12	1	21
796	11	1	21
797	10	1	21
798	11	2	22
799	10	1	21
800	9	1	21
801	8	1	21
802	7	1	21
803	6	1	21
804	5	1	21
805	4	1	21
806	3	1	21
807	2	1	21
808	1	1	21
809	12	1	21
810	11	1	21
811	10	1	21
812	9	1	21
813	8	1	21
814	9	2	22
815	8	1	21
816	7	1	21
817	6	1	21
818	5	1	21
819	4	1	21
820	3	1	21
