1	12	1	41
2	11	1	41
3	10	1	41
4	11	2	42
5	10	1	41
6	9	1	41
7	8	1	41
8	7	1	41
9	6	1	41
10	7	2	42
11	6	1	41
12	5	1	41
13	4	1	41
14	5	2	42
15	4	1	41
16	3	1	41
17	2	1	41
18	1	1	41
19	12	1	41
20	11	1	41
21	10	1	41
22	9	1	41
23	8	1	41
24	7	1	41
25	8	2	42
26	7	1	41
27	6	1	41
28	5	1	41
29	4	1	41
30	3	1	41
31	2	1	41
32	1	1	41
33	12	1	41
34	11	1	41
35	10	1	41
36	11	2	42
37	10	1	41
38	9	1	41
39	8	1	41
40	7	1	41
41	6	1	41
42	5	1	41
43	4	1	41
44	3	1	41
45	4	2	42
46	3	1	41
47	2	1	41
48	1	1	41
49	12	1	41
50	11	1	41
51	10	1	41
52	11	2	42
53	10	1	41
54	9	1	41
55	8	1	41
56	7	1	41
57	8	2	42
58	7	1	41
59	6	1	41
60	5	1	41
61	4	1	41
62	3	1	41
63	2	1	41
64	1	1	41
65	2	2	42
66	1	1	41
67	12	1	41
68	11	1	41
69	10	1	41
70	9	1	41
71	10	2	42
72	9	1	41
73	8	1	41
74	7	1	41
75	6	1	41
76	5	1	41
77	4	1	41
78	3	1	41
79	2	1	41
80	3	2	42
81	2	1	41
82	1	1	41
83	12	1	41
84	11	1	41
85	10	1	41
86	9	1	41
87	8	1	41
88	7	1	41
89	6	1	41
90	5	1	41
91	4	1	41
92	3	1	41
93	2	1	41
94	1	1	41
95	12	1	41
96	11	1	41
97	10	1	41
98	9	1	41
99	8	1	41
100	7	1	41
101	6	1	41
102	5	1	41
103	4	1	41
104	5	2	42
105	4	1	41
106	3	1	41
107	2	1	41
108	1	1	41
109	12	1	41
110	11	1	41
111	10	1	41
112	9	1	41
113	10	2	42
114	9	1	41
115	8	1	41
116	7	1	41
117	6	1	41
118	5	1	41
119	6	2	42
120	5	1	41
121	4	1	41
122	3	1	41
123	2	1	41
124	1	1	41
125	12	1	41
126	11	1	41
127	10	1	41
128	9	1	41
129	8	1	41
130	7	1	41
131	8	2	42
132	7	1	41
133	6	1	41
134	5	1	41
135	6	2	42
136	5	1	41
137	4	1	41
138	3	1	41
139	2	1	41
140	1	1	41
141	12	1	41
142	11	1	41
143	10	1	41
144	9	1	41
145	8	1	41
146	7	1	41
147	6	1	41
148	5	1	41
149	4	1	41
150	3	1	41
151	2	1	41
152	1	1	41
153	12	1	41
154	11	1	41
155	12	2	42
156	11	1	41
157	10	1	41
158	9	1	41
159	8	1	41
160	7	1	41
161	6	1	41
162	7	2	42
163	6	1	41
164	5	1	41
165	4	1	41
166	3	1	41
167	2	1	41
168	1	1	41
169	12	1	41
170	11	1	41
171	10	1	41
172	9	1	41
173	8	1	41
174	7	1	41
175	6	1	41
176	5	1	41
177	4	1	41
178	3	1	41
179	2	1	41
180	1	1	41
181	12	1	41
182	11	1	41
183	10	1	41
184	9	1	41
185	10	2	42
186	9	1	41
187	8	1	41
188	7	1	41
189	6	1	41
190	5	1	41
191	4	1	41
192	3	1	41
193	2	1	41
194	1	1	41
195	12	1	41
196	11	1	41
197	10	1	41
198	9	1	41
199	8	1	41
200	7	1	41
201	6	1	41
202	5	1	41
203	4	1	41
204	3	1	41
205	2	1	41
206	1	1	41
207	12	1	41
208	11	1	41
209	10	1	41
210	9	1	41
211	8	1	41
212	7	1	41
213	6	1	41
214	5	1	41
215	4	1	41
216	5	2	42
217	4	1	41
218	3	1	41
219	2	1	41
220	1	1	41
221	12	1	41
222	11	1	41
223	10	1	41
224	11	2	42
225	10	1	41
226	9	1	41
227	8	1	41
228	7	1	41
229	6	1	41
230	7	2	42
231	6	1	41
232	5	1	41
233	4	1	41
234	3	1	41
235	2	1	41
236	1	1	41
237	12	1	41
238	11	1	41
239	10	1	41
240	9	1	41
241	8	1	41
242	9	2	42
243	8	1	41
244	7	1	41
245	6	1	41
246	5	1	41
247	4	1	41
248	5	2	42
249	4	1	41
250	3	1	41
251	2	1	41
252	1	1	41
253	12	1	41
254	11	1	41
255	10	1	41
256	9	1	41
257	8	1	41
258	7	1	41
259	6	1	41
260	5	1	41
261	4	1	41
262	3	1	41
263	2	1	41
264	1	1	41
265	12	1	41
266	11	1	41
267	10	1	41
268	9	1	41
269	8	1	41
270	9	2	42
271	8	1	41
272	7	1	41
273	6	1	41
274	5	1	41
275	6	2	42
276	5	1	41
277	4	1	41
278	3	1	41
279	4	2	42
280	3	1	41
281	2	1	41
282	1	1	41
283	12	1	41
284	11	1	41
285	12	2	42
286	11	1	41
287	10	1	41
288	9	1	41
289	8	1	41
290	7	1	41
291	6	1	41
292	7	2	42
293	6	1	41
294	5	1	41
295	4	1	41
296	3	1	41
297	4	2	42
298	3	1	41
299	2	1	41
300	1	1	41
301	12	1	41
302	11	1	41
303	10	1	41
304	9	1	41
305	8	1	41
306	7	1	41
307	6	1	41
308	5	1	41
309	4	1	41
310	3	1	41
311	4	2	42
312	3	1	41
313	2	1	41
314	1	1	41
315	12	1	41
316	11	1	41
317	10	1	41
318	11	2	42
319	10	1	41
320	9	1	41
321	8	1	41
322	7	1	41
323	6	1	41
324	5	1	41
325	4	1	41
326	3	1	41
327	2	1	41
328	1	1	41
329	12	1	41
330	11	1	41
331	10	1	41
332	9	1	41
333	8	1	41
334	7	1	41
335	6	1	41
336	5	1	41
337	4	1	41
338	3	1	41
339	2	1	41
340	1	1	41
341	12	1	41
342	11	1	41
343	12	2	42
344	11	1	41
345	10	1	41
346	9	1	41
347	8	1	41
348	7	1	41
349	6	1	41
350	5	1	41
351	6	2	42
352	5	1	41
353	4	1	41
354	3	1	41
355	2	1	41
356	1	1	41
357	12	1	41
358	11	1	41
359	10	1	41
360	9	1	41
361	8	1	41
362	7	1	41
363	6	1	41
364	5	1	41
365	4	1	41
366	3	1	41
367	2	1	41
368	1	1	41
369	12	1	41
370	11	1	41
371	10	1	41
372	9	1	41
373	8	1	41
374	7	1	41
375	6	1	41
376	7	2	42
377	6	1	41
378	5	1	41
379	4	1	41
380	3	1	41
381	2	1	41
382	1	1	41
383	12	1	41
384	11	1	41
385	12	2	42
386	11	1	41
387	10	1	41
388	9	1	41
389	8	1	41
390	7	1	41
391	6	1	41
392	5	1	41
393	4	1	41
394	3	1	41
395	2	1	41
396	1	1	41
397	2	2	42
398	1	1	41
399	12	1	41
400	11	1	41
401	10	1	41
402	9	1	41
403	8	1	41
404	7	1	41
405	8	2	42
406	7	1	41
407	6	1	41
408	5	1	41
409	4	1	41
410	3	1	41
411	2	1	41
412	3	2	42
413	2	1	41
414	1	1	41
415	12	1	41
416	11	1	41
417	10	1	41
418	9	1	41
419	8	1	41
420	7	1	41
421	8	2	42
422	7	1	41
423	6	1	41
424	5	1	41
425	4	1	41
426	3	1	41
427	2	1	41
428	1	1	41
429	12	1	41
430	11	1	41
431	10	1	41
432	9	1	41
433	8	1	41
434	7	1	41
435	6	1	41
436	5	1	41
437	4	1	41
438	3	1	41
439	2	1	41
440	1	1	41
441	12	1	41
442	11	1	41
443	10	1	41
444	9	1	41
445	8	1	41
446	7	1	41
447	6	1	41
448	5	1	41
449	4	1	41
450	3	1	41
451	2	1	41
452	1	1	41
453	12	1	41
454	11	1	41
455	10	1	41
456	9	1	41
457	8	1	41
458	7	1	41
459	6	1	41
460	5	1	41
461	4	1	41
462	3	1	41
463	2	1	41
464	1	1	41
465	12	1	41
466	11	1	41
467	10	1	41
468	9	1	41
469	8	1	41
470	7	1	41
471	6	1	41
472	7	2	42
473	6	1	41
474	5	1	41
475	4	1	41
476	3	1	41
477	2	1	41
478	1	1	41
479	12	1	41
480	11	1	41
481	12	2	42
482	11	1	41
483	10	1	41
484	9	1	41
485	10	2	42
486	9	1	41
487	8	1	41
488	7	1	41
489	6	1	41
490	5	1	41
491	6	2	42
492	5	1	41
493	4	1	41
494	3	1	41
495	2	1	41
496	1	1	41
497	12	1	41
498	11	1	41
499	10	1	41
500	9	1	41
501	8	1	41
502	7	1	41
503	6	1	41
504	5	1	41
505	4	1	41
506	3	1	41
507	2	1	41
508	1	1	41
509	2	2	42
510	1	1	41
511	12	1	41
512	11	1	41
513	10	1	41
514	9	1	41
515	8	1	41
516	7	1	41
517	6	1	41
518	5	1	41
519	4	1	41
520	5	2	42
521	4	1	41
522	3	1	41
523	2	1	41
524	3	2	42
525	2	1	41
526	1	1	41
527	12	1	41
528	11	1	41
529	10	1	41
530	9	1	41
531	8	1	41
532	7	1	41
533	6	1	41
534	5	1	41
535	6	2	42
536	5	1	41
537	4	1	41
538	3	1	41
539	2	1	41
540	3	2	42
541	2	1	41
542	1	1	41
543	12	1	41
544	11	1	41
545	10	1	41
546	9	1	41
547	8	1	41
548	9	2	42
549	8	1	41
550	7	1	41
551	6	1	41
552	5	1	41
553	4	1	41
554	3	1	41
555	2	1	41
556	1	1	41
557	12	1	41
558	11	1	41
559	10	1	41
560	9	1	41
561	8	1	41
562	7	1	41
563	6	1	41
564	5	1	41
565	6	2	42
566	5	1	41
567	4	1	41
568	3	1	41
569	2	1	41
570	1	1	41
571	12	1	41
572	11	1	41
573	10	1	41
574	9	1	41
575	8	1	41
576	7	1	41
577	6	1	41
578	5	1	41
579	4	1	41
580	3	1	41
581	4	2	42
582	3	1	41
583	2	1	41
584	1	1	41
585	12	1	41
586	11	1	41
587	10	1	41
588	9	1	41
589	8	1	41
590	7	1	41
591	6	1	41
592	5	1	41
593	4	1	41
594	3	1	41
595	2	1	41
596	3	2	42
597	2	1	41
598	1	1	41
599	12	1	41
600	11	1	41
601	10	1	41
602	11	2	42
603	10	1	41
604	9	1	41
605	8	1	41
606	9	2	42
607	8	1	41
608	7	1	41
609	6	1	41
610	5	1	41
611	4	1	41
612	3	1	41
613	2	1	41
614	1	1	41
615	2	2	42
616	1	1	41
617	12	1	41
618	11	1	41
619	12	2	42
620	11	1	41
621	10	1	41
622	9	1	41
623	10	2	42
624	9	1	41
625	8	1	41
626	7	1	41
627	6	1	41
628	5	1	41
629	4	1	41
630	3	1	41
631	2	1	41
632	1	1	41
633	12	1	41
634	11	1	41
635	10	1	41
636	9	1	41
637	8	1	41
638	7	1	41
639	8	2	42
640	7	1	41
641	6	1	41
642	5	1	41
643	4	1	41
644	3	1	41
645	2	1	41
646	1	1	41
647	12	1	41
648	11	1	41
649	10	1	41
650	9	1	41
651	8	1	41
652	9	2	42
653	8	1	41
654	7	1	41
655	6	1	41
656	5	1	41
657	4	1	41
658	3	1	41
659	2	1	41
660	1	1	41
661	12	1	41
662	11	1	41
663	10	1	41
664	11	2	42
665	10	1	41
666	9	1	41
667	8	1	41
668	9	2	42
669	8	1	41
670	7	1	41
671	6	1	41
672	5	1	41
673	4	1	41
674	3	1	41
675	2	1	41
676	1	1	41
677	2	2	42
678	1	1	41
679	12	1	41
680	11	1	41
681	10	1	41
682	9	1	41
683	8	1	41
684	7	1	41
685	6	1	41
686	5	1	41
687	4	1	41
688	3	1	41
689	4	2	42
690	3	1	41
691	2	1	41
692	1	1	41
693	2	2	42
694	1	1	41
695	12	1	41
696	11	1	41
697	10	1	41
698	9	1	41
699	8	1	41
700	7	1	41
701	6	1	41
702	5	1	41
703	4	1	41
704	5	2	42
705	4	1	41
706	3	1	41
707	2	1	41
708	3	2	42
709	2	1	41
710	1	1	41
711	12	1	41
712	11	1	41
713	10	1	41
714	9	1	41
715	8	1	41
716	9	2	42
717	8	1	41
718	7	1	41
719	6	1	41
720	5	1	41
721	4	1	41
722	3	1	41
723	2	1	41
724	1	1	41
725	12	1	41
726	11	1	41
727	10	1	41
728	9	1	41
729	8	1	41
730	7	1	41
731	6	1	41
732	5	1	41
733	4	1	41
734	3	1	41
735	2	1	41
736	1	1	41
737	12	1	41
738	11	1	41
739	10	1	41
740	9	1	41
741	10	2	42
742	9	1	41
743	8	1	41
744	7	1	41
745	8	2	42
746	7	1	41
747	6	1	41
748	5	1	41
749	4	1	41
750	3	1	41
751	2	1	41
752	3	2	42
753	2	1	41
754	1	1	41
755	12	1	41
756	11	1	41
757	12	2	42
758	11	1	41
759	10	1	41
760	9	1	41
761	8	1	41
762	7	1	41
763	6	1	41
764	7	2	42
765	6	1	41
766	5	1	41
767	4	1	41
768	3	1	41
769	2	1	41
770	1	1	41
771	12	1	41
772	11	1	41
773	10	1	41
774	9	1	41
775	8	1	41
776	7	1	41
777	6	1	41
778	5	1	41
779	4	1	41
780	3	1	41
781	2	1	41
782	1	1	41
783	2	2	42
784	1	1	41
785	12	1	41
786	11	1	41
787	10	1	41
788	9	1	41
789	8	1	41
790	7	1	41
791	6	1	41
792	5	1	41
793	4	1	41
794	3	1	41
795	2	1	41
796	1	1	41
797	12	1	41
798	11	1	41
799	10	1	41
800	9	1	41
801	10	2	42
802	9	1	41
803	8	1	41
804	7	1	41
805	6	1	41
806	5	1	41
807	4	1	41
808	3	1	41
809	2	1	41
810	1	1	41
811	12	1	41
812	11	1	41
813	10	1	41
814	9	1	41
815	8	1	41
816	7	1	41
817	6	1	41
818	5	1	41
819	4	1	41
820	3	1	41
